p_val	avg_log2FC	pct.1	pct.2	p_val_adj	cluster	gene
FOS	0	1.38733171627384	0.992	0.858	0	0	FOS
SOX4	1.77484238080761e-287	1.18063908431879	0.998	0.903	2.78455021124906e-283	0	SOX4
DNTT	3.65701670923556e-273	0.952703084606912	0.999	0.902	5.73749351511967e-269	0	DNTT
RP11-231E4.2	1.43981134687991e-241	1.11029290339233	0.732	0.221	2.25892002211989e-237	0	RP11-231E4.2
CD69	5.16321187108208e-238	1.16409443795193	0.945	0.62	8.10056310454068e-234	0	CD69
JUN	2.87818958774663e-235	1.32852804406751	0.968	0.742	4.51559164421568e-231	0	JUN
FOSB	9.75207523804285e-225	1.02555472379639	0.889	0.481	1.53000308409654e-220	0	FOSB
TCF4	3.25654374339417e-219	0.899413876426665	0.974	0.794	5.10919147901112e-215	0	TCF4
IER2	1.54444785707845e-212	1.07305513647806	0.942	0.676	2.42308424297037e-208	0	IER2
PTPRE	3.45732714017517e-207	0.893743652913952	0.902	0.519	5.42420055022082e-203	0	PTPRE
FYB	6.22492327612569e-204	0.822898003680131	0.593	0.138	9.76628212791359e-200	0	FYB
PPP1R15A	4.14953689255586e-201	0.898544808411909	0.94	0.686	6.51020843073089e-197	0	PPP1R15A
RP11-356I2.4	6.5969489603082e-199	0.922387495208895	0.629	0.185	1.03499532238275e-194	0	RP11-356I2.4
PNISR	8.68509865350205e-189	0.77078972467575	0.984	0.879	1.36260512774794e-184	0	PNISR
KLF6	1.17365959696215e-188	0.983873123251811	0.972	0.801	1.84135454167392e-184	0	KLF6
EGR1	1.06625918556139e-186	1.01318744884396	0.655	0.211	1.67285403622726e-182	0	EGR1
SLC35E3	3.39559062747641e-184	0.981228383001439	0.825	0.458	5.32734213544774e-180	0	SLC35E3
DDX3X	1.33022469505134e-168	0.823582264144423	0.875	0.554	2.08698952406605e-164	0	DDX3X
HLA-DRB5	4.01805919834083e-167	0.729696332317086	0.747	0.29	6.30393307627693e-163	0	HLA-DRB5
DDX5	6.4265460776851e-166	0.666662825130098	0.997	0.97	1.00826081412802e-161	0	DDX5
NPY	1.67881909149073e-165	0.848461116556506	0.779	0.345	2.63389927263981e-161	0	NPY
TERF2	1.64241185642121e-162	0.791750604824859	0.794	0.398	2.57677996153924e-158	0	TERF2
DPEP1	3.10654506065093e-162	0.737313689999476	0.603	0.192	4.87385854565524e-158	0	DPEP1
CLEC4E	7.93366826272686e-159	0.698020138935485	0.499	0.116	1.24471321373922e-154	0	CLEC4E
NEAT1	2.34596760299282e-157	0.804435564402627	0.974	0.802	3.68058857233543e-153	0	NEAT1
NR3C1	6.45257453695757e-154	0.782757900587473	0.781	0.412	1.01234441910327e-149	0	NR3C1
PDGFA	3.48188956997816e-150	0.675414107971689	0.485	0.115	5.46273654633874e-146	0	PDGFA
UHRF1	1.14142834558952e-148	0.759325554363691	0.823	0.428	1.79078693139539e-144	0	UHRF1
ERG	2.65173777968459e-147	0.709206577018187	0.658	0.263	4.16031140254715e-143	0	ERG
XBP1	6.60079666848202e-145	0.741248134528075	0.941	0.711	1.03559898931814e-140	0	XBP1
SOD2	6.71400256070792e-144	0.7811153027477	0.744	0.365	1.05335986174947e-139	0	SOD2
CCND3	2.20281080140375e-141	0.618466733777605	0.988	0.859	3.45598986632235e-137	0	CCND3
UBE2J1	2.45283590635124e-141	0.724543907030393	0.845	0.522	3.84825425347447e-137	0	UBE2J1
SON	9.17769335338317e-141	0.603935182688782	0.982	0.886	1.43988831021229e-136	0	SON
MLXIP	1.99619469181494e-138	0.707926455614341	0.808	0.463	3.13182985198846e-134	0	MLXIP
HLA-B	2.54478647951055e-128	0.525455922152864	1	0.977	3.99251550770411e-124	0	HLA-B
CD164	3.06620900693447e-128	0.695288726888695	0.786	0.446	4.81057531097949e-124	0	CD164
LPAR6	1.09592992687717e-125	0.624134111923925	0.585	0.211	1.71940446227759e-121	0	LPAR6
HMGN1	2.63490789008519e-125	0.503483025648439	0.995	0.942	4.13390698875466e-121	0	HMGN1
TTC3	5.03962673528075e-123	0.655874487897824	0.858	0.598	7.90667038498197e-119	0	TTC3
ETS2	2.4709706266475e-122	0.651404513768693	0.72	0.379	3.87670581614726e-118	0	ETS2
F2RL3	1.90343870556968e-121	0.506275460885023	0.347	0.06	2.98630498516827e-117	0	F2RL3
TPM4	1.25979406373473e-120	0.651047944116552	0.761	0.446	1.97649090659342e-116	0	TPM4
SRSF5	7.14439929036601e-119	0.530440911555746	0.993	0.949	1.12088480466552e-114	0	SRSF5
STIM2	7.19762785735468e-119	0.690240704439318	0.816	0.505	1.12923583454038e-114	0	STIM2
FTL	1.0041453181984e-114	0.495166917656442	0.999	0.986	1.57540358972148e-110	0	FTL
LINC01013	1.79606904980428e-114	0.716096164397582	0.725	0.412	2.81785273223794e-110	0	LINC01013
NEIL1	6.25992915958656e-114	0.708739563045003	0.744	0.392	9.82120285847535e-110	0	NEIL1
PHIP	1.62756443511259e-113	0.608693219383134	0.727	0.393	2.55348584224814e-109	0	PHIP
ID2	1.44532532642759e-112	0.784443687362427	0.661	0.328	2.26757090463224e-108	0	ID2
CCNI	1.594337073588e-112	0.50614065127102	0.991	0.934	2.50135543475222e-108	0	CCNI
FTH1	1.56355986995156e-110	0.449979686312597	1	0.99	2.453069079967e-106	0	FTH1
NFKBID	4.79726112518663e-108	0.574630950611513	0.529	0.195	7.5264229793053e-104	0	NFKBID
DENND3	6.86718086024228e-108	0.534103751542106	0.584	0.25	1.07739200516341e-103	0	DENND3
ATRX	8.26692200066427e-108	0.557335371301021	0.908	0.693	1.29699739268422e-103	0	ATRX
BCLAF1	1.23850222706915e-101	0.594175334739144	0.792	0.512	1.94308614404879e-97	0	BCLAF1
HSP90AA1	1.16036095964144e-100	0.47125454812642	0.998	0.986	1.82049030958146e-96	0	HSP90AA1
RP11-301G19.1	6.04523495801613e-99	0.680584430356215	0.553	0.24	9.48436912563151e-95	0	RP11-301G19.1
MCL1	1.97165538754924e-98	0.536941748623833	0.576	0.251	3.093330137526e-94	0	MCL1
HBEGF	2.88497088061869e-98	0.565662294718949	0.522	0.203	4.52623081460267e-94	0	HBEGF
CCNL1	3.69959554572151e-95	0.58751263276778	0.87	0.67	5.80429545168247e-91	0	CCNL1
DDAH2	1.04825614512351e-94	0.583695255955177	0.782	0.509	1.64460906608427e-90	0	DDAH2
SH3BP5	2.98652920819646e-94	0.592642566992535	0.658	0.347	4.68556567473943e-90	0	SH3BP5
UTRN	3.40707561871602e-94	0.557123172913878	0.66	0.356	5.34536093820357e-90	0	UTRN
GPX1	1.89861561004158e-93	0.422080588435858	0.984	0.91	2.97873803059424e-89	0	GPX1
ELK3	2.58711555778323e-93	0.49062324714202	0.538	0.234	4.05892559860611e-89	0	ELK3
MARCKSL1	3.93521446442647e-92	0.534047814100851	0.91	0.739	6.17395797323869e-88	0	MARCKSL1
GABPB1-AS1	3.67129175027694e-91	0.630335141467394	0.817	0.592	5.75988962700949e-87	0	GABPB1-AS1
HIST1H2AC	6.07126322586701e-91	0.626059176253785	0.698	0.382	9.52520487506275e-87	0	HIST1H2AC
EIF4A2	6.62256895418191e-90	0.478032046884996	0.949	0.852	1.0390148432216e-85	0	EIF4A2
ZFP36	2.51337601788737e-89	0.590829342222384	0.797	0.529	3.9432356344635e-85	0	ZFP36
IPCEF1	4.32743146109118e-89	0.428535342880481	0.429	0.141	6.78930721930595e-85	0	IPCEF1
CSF3R	3.86357041312485e-88	0.458223512614922	0.364	0.106	6.06155562115158e-84	0	CSF3R
IRF8	9.59419589726132e-88	0.510916761903838	0.586	0.277	1.50523339432133e-83	0	IRF8
DUSP6	3.66292957051018e-86	0.598191625365504	0.577	0.291	5.74677020317343e-82	0	DUSP6
RP4-539M6.22	6.84264274454389e-83	0.386839764918812	0.282	0.06	1.07354222019149e-78	0	RP4-539M6.22
CYTL1	8.4999606603952e-83	0.569007622350456	0.596	0.295	1.3335588280094e-78	0	CYTL1
CMTM2	4.08934297199355e-82	0.435626854801025	0.568	0.261	6.41577018876068e-78	0	CMTM2
BCL2	1.30230764782117e-81	0.450118903180666	0.49	0.211	2.04319046866664e-77	0	BCL2
PFKL	2.66362926376867e-81	0.50198143635876	0.754	0.489	4.17896795192667e-77	0	PFKL
NR4A1	2.9375411217709e-81	0.491312399315021	0.465	0.186	4.60870826594636e-77	0	NR4A1
RPL39	3.84700760318354e-80	0.264358077478063	1	0.999	6.03557022863466e-76	0	RPL39
LINC00969	1.76623252689265e-79	0.494307654977017	0.512	0.245	2.77104221144188e-75	0	LINC00969
MYLIP	2.57847540403111e-79	0.536161119320731	0.636	0.344	4.04537006138442e-75	0	MYLIP
RP11-290F5.2	5.22502610865521e-78	0.328615555708855	0.302	0.076	8.19754346186916e-74	0	RP11-290F5.2
PNRC1	5.26461719519787e-78	0.509485425549451	0.864	0.66	8.25965791754594e-74	0	PNRC1
ADGRE5	2.85768190599383e-77	0.592842870392597	0.56	0.295	4.48341714231372e-73	0	ADGRE5
MBP	2.86622668390841e-77	0.466935263563007	0.608	0.323	4.4968230443839e-73	0	MBP
SIPA1L2	3.2802554754741e-77	0.331762642335012	0.288	0.069	5.14639281547131e-73	0	SIPA1L2
UBL3	1.04318798413539e-76	0.427220565616057	0.461	0.193	1.63665762831001e-72	0	UBL3
HLA-DRA	1.04594279440217e-76	0.38527803062344	0.999	0.991	1.64097965013757e-72	0	HLA-DRA
SNX3	5.04855131462404e-76	0.438011860782857	0.897	0.726	7.92067215751366e-72	0	SNX3
PAPOLA	5.70244261798472e-76	0.477499341837935	0.83	0.63	8.94656222335622e-72	0	PAPOLA
BCL11A	5.73521986928595e-76	0.52039351805295	0.664	0.386	8.99798645292273e-72	0	BCL11A
ZFP36L1	6.33331828375191e-75	0.535409283095732	0.777	0.54	9.93634305537837e-71	0	ZFP36L1
WASF2	7.26833491172417e-75	0.507507399638371	0.826	0.641	1.14032906430041e-70	0	WASF2
RBM39	8.34216856625704e-74	0.443669045842981	0.928	0.826	1.30880282636007e-69	0	RBM39
MYL6	9.78854139920976e-74	0.351145875200915	0.997	0.98	1.53572426012202e-69	0	MYL6
ZFP36L2	1.93408285959992e-73	0.564577983402613	0.937	0.835	3.03438259842632e-69	0	ZFP36L2
RNASET2	4.50267689419e-73	0.476627754784176	0.829	0.597	7.06424977929469e-69	0	RNASET2
DDX24	7.48443894539385e-73	0.483761454238295	0.79	0.563	1.17423362614284e-68	0	DDX24
CTD-3252C9.4	9.95770560984854e-73	0.384561014551016	0.313	0.089	1.56226443312914e-68	0	CTD-3252C9.4
DAAM1	4.02030217285131e-72	0.435146516843903	0.578	0.291	6.30745207898643e-68	0	DAAM1
FLT3	5.73279067697002e-72	0.429786521462408	0.572	0.293	8.99417529309826e-68	0	FLT3
KCNK12	1.16124854862501e-71	0.36741800136247	0.317	0.095	1.82188284793778e-67	0	KCNK12
POU4F1	1.81340439772565e-71	0.397095586214525	0.316	0.094	2.84505015959177e-67	0	POU4F1
HLA-E	1.23359371043359e-70	0.431354672144786	0.976	0.874	1.93538517229927e-66	0	HLA-E
MGAT4A	2.03821663336301e-70	0.423191774678808	0.576	0.304	3.19775807608323e-66	0	MGAT4A
MALAT1	2.3609471687893e-70	0.348767652344542	1	1	3.70409001311353e-66	0	MALAT1
MDM2	3.52159714023308e-68	0.430357599238428	0.485	0.224	5.52503375331168e-64	0	MDM2
CYB5A	3.72228742083689e-68	0.468548156603308	0.636	0.37	5.83989673455099e-64	0	CYB5A
RCAN1	6.98827170111353e-68	0.384814062330409	0.396	0.155	1.0963899471877e-63	0	RCAN1
MDK	7.5062645659083e-66	0.461074950942507	0.461	0.215	1.17765784774535e-61	0	MDK
TNFAIP3	2.30096844204882e-65	0.394555444137873	0.285	0.084	3.60998938873039e-61	0	TNFAIP3
WSB1	5.66713420513611e-65	0.482733395814088	0.707	0.481	8.89116685443805e-61	0	WSB1
SH3BP2	7.36493223182535e-65	0.364131779432913	0.435	0.189	1.15548421785108e-60	0	SH3BP2
H3F3B	7.45764489084809e-65	0.353337754785801	1	0.994	1.17002990692516e-60	0	H3F3B
CDK6	2.52321987332195e-64	0.491881511528408	0.653	0.413	3.9586796592548e-60	0	CDK6
ANKRD28	2.72351376616054e-64	0.47157082198159	0.578	0.308	4.27292074772927e-60	0	ANKRD28
KIAA1033	5.95724181365297e-64	0.395547944947283	0.505	0.25	9.34631668144014e-60	0	KIAA1033
YPEL5	3.51830048769823e-63	0.440799042331639	0.798	0.579	5.51986163514976e-59	0	YPEL5
MIR181A1HG	4.01902711186007e-63	0.452544061582725	0.665	0.415	6.30545163579727e-59	0	MIR181A1HG
CLINT1	2.79854633619455e-61	0.401777452349443	0.497	0.253	4.39063934685563e-57	0	CLINT1
SLC38A1	5.08943688437281e-61	0.449197936267867	0.644	0.412	7.9848175278925e-57	0	SLC38A1
MDM4	9.93247745070783e-61	0.536482128991322	0.754	0.553	1.55830638724155e-56	0	MDM4
DDIT4	5.86164464308871e-60	0.466808243318123	0.73	0.488	9.19633428054188e-56	0	DDIT4
PRDX1	1.06416839663468e-59	0.404263236686594	0.952	0.884	1.66957379748014e-55	0	PRDX1
PPP1R18	2.98538183767817e-59	0.405536445761926	0.654	0.413	4.68376556513328e-55	0	PPP1R18
BTG2	1.88785246388748e-58	0.498620210176294	0.675	0.442	2.96185173059306e-54	0	BTG2
ITM2B	6.99653432404839e-58	0.401884529735684	0.884	0.739	1.09768627009995e-53	0	ITM2B
KTN1	1.14454121980773e-57	0.406877552674192	0.814	0.639	1.79567071975634e-53	0	KTN1
KDM5B	1.18620472843665e-57	0.273931502370026	0.261	0.076	1.86103659844425e-53	0	KDM5B
TRIM38	1.338758854176e-57	0.432545926085478	0.616	0.381	2.10037876631672e-53	0	TRIM38
FAM69C	5.13402763252815e-57	0.320919458031295	0.388	0.162	8.05477595267341e-53	0	FAM69C
HNRNPUL1	1.03003165831182e-56	0.404140299293581	0.612	0.373	1.61601666872541e-52	0	HNRNPUL1
DDIT4L	5.70153556602678e-56	0.328312072749829	0.314	0.112	8.94513914953941e-52	0	DDIT4L
CNN2	5.93857115474793e-56	0.260643606881329	0.287	0.093	9.31702428468403e-52	0	CNN2
TRA2B	2.53950445700058e-55	0.401616983516523	0.846	0.683	3.9842285425882e-51	0	TRA2B
ARGLU1	3.43809664857084e-55	0.388305010735485	0.87	0.736	5.39402983194279e-51	0	ARGLU1
GNA15	1.12742282163009e-54	0.348554215980406	0.525	0.279	1.76881366485544e-50	0	GNA15
SH3KBP1	1.26556503040678e-54	0.396340646877034	0.761	0.554	1.9855449762052e-50	0	SH3KBP1
IL17RA	2.71877944875616e-54	0.326303837163894	0.372	0.16	4.26549307715354e-50	0	IL17RA
MEF2C	2.87077277002076e-54	0.44166446696081	0.881	0.724	4.50395539888556e-50	0	MEF2C
LEF1	3.13256579641044e-54	0.482620978572863	0.682	0.47	4.91468247798833e-50	0	LEF1
COX7A2	3.27200847117468e-54	0.331848218108719	0.934	0.866	5.13345409042595e-50	0	COX7A2
VAMP5	3.82932145308293e-54	0.392415055462321	0.623	0.39	6.0078224277418e-50	0	VAMP5
YTHDC1	5.87018151384177e-54	0.385805454074203	0.608	0.379	9.20972777706635e-50	0	YTHDC1
CMPK1	9.12489583925556e-54	0.353698151567623	0.639	0.392	1.4316049082208e-49	0	CMPK1
ROCK1	1.40139348628257e-53	0.372281581863531	0.764	0.548	2.19864624062872e-49	0	ROCK1
MICAL1	2.00294182737063e-53	0.312701172658852	0.385	0.172	3.14241543296177e-49	0	MICAL1
RGS12	3.28589839146823e-53	0.315074666816267	0.374	0.162	5.15524598637451e-49	0	RGS12
AP001055.6	1.10505156145277e-52	0.280543675055364	0.282	0.096	1.73371539476325e-48	0	AP001055.6
SAT1	1.58226490954455e-52	0.465549946002864	0.908	0.768	2.48241541658445e-48	0	SAT1
TNF	1.71277901072973e-52	0.32099956931511	0.275	0.093	2.68717898993388e-48	0	TNF
C12orf75	2.05622056368789e-52	0.39611614018554	0.712	0.489	3.22600444236993e-48	0	C12orf75
PPP1R10	2.57848645051555e-52	0.38043127863542	0.529	0.301	4.04538739221385e-48	0	PPP1R10
MTF2	5.34544833309233e-52	0.426086526831051	0.619	0.409	8.38647388978856e-48	0	MTF2
NAV1	5.56932304107095e-52	0.379064913553359	0.515	0.288	8.73771091913621e-48	0	NAV1
POLR2J3	5.89838552888466e-52	0.398532415815458	0.747	0.545	9.25397705626715e-48	0	POLR2J3
ARMCX3	1.87779355184878e-51	0.36313531253782	0.468	0.243	2.94607030349556e-47	0	ARMCX3
ACTR2	3.26391287258728e-51	0.40364541264588	0.737	0.546	5.12075290580218e-47	0	ACTR2
CALM1	5.63329178696575e-51	0.338628984942003	0.956	0.901	8.83807148457056e-47	0	CALM1
KMT2E	1.49330545477979e-50	0.37704116423828	0.794	0.605	2.34284692800402e-46	0	KMT2E
GLG1	1.88853596300817e-50	0.361189413376978	0.459	0.243	2.96292407236351e-46	0	GLG1
ARHGEF10	2.01088398781826e-50	0.291958191632799	0.308	0.119	3.15487588848806e-46	0	ARHGEF10
ALOX5AP	3.03770087837043e-49	0.314309976781944	0.725	0.46	4.76584890807537e-45	0	ALOX5AP
SMIM3	4.15808531702523e-49	0.35744383423349	0.551	0.321	6.52362005388088e-45	0	SMIM3
ZNF292	3.10454374139266e-48	0.361451596079919	0.537	0.319	4.87071867587094e-44	0	ZNF292
DDX17	3.68823537754991e-48	0.390765819630283	0.74	0.554	5.78647248383806e-44	0	DDX17
IL1B	4.10358931688358e-48	0.371578123221926	0.553	0.325	6.43812127925865e-44	0	IL1B
BRWD1	8.22404645320409e-48	0.330037778005346	0.511	0.288	1.29027064804319e-43	0	BRWD1
SERF2	1.56353359352924e-47	0.278341265875091	0.996	0.989	2.45302785488803e-43	0	SERF2
GTF2I	2.8704424254462e-47	0.357464364281332	0.611	0.4	4.50343712128254e-43	0	GTF2I
CD9	1.063695526043e-46	0.371651043232084	0.956	0.849	1.66883191080886e-42	0	CD9
FAM129C	1.53218928884186e-46	0.342455544983949	0.654	0.421	2.40385177526399e-42	0	FAM129C
UBASH3B	2.40800065651444e-46	0.320978341380115	0.445	0.234	3.7779122300055e-42	0	UBASH3B
CLIC1	1.92456660680035e-45	0.328339798633955	0.925	0.855	3.01945254940907e-41	0	CLIC1
MED13L	2.76101375111671e-45	0.293801395758309	0.429	0.219	4.33175447412701e-41	0	MED13L
UGT3A2	5.90542060676773e-45	0.318676255714295	0.362	0.169	9.26501438995789e-41	0	UGT3A2
FTX	1.56161445232561e-44	0.263194854761007	0.306	0.126	2.45001691425365e-40	0	FTX
AAK1	2.39226715903608e-44	0.341083952780464	0.565	0.349	3.7532279458117e-40	0	AAK1
CSTB	4.46438495327102e-44	0.354701444711677	0.77	0.59	7.0041735531869e-40	0	CSTB
RBM25	6.10024552963576e-44	0.354907167367077	0.784	0.619	9.57067521144554e-40	0	RBM25
HNRNPC	6.35790366256539e-44	0.313955746612144	0.947	0.871	9.97491505619883e-40	0	HNRNPC
CHMP1B	9.32793838707232e-44	0.367719344541032	0.699	0.506	1.46346025354778e-39	0	CHMP1B
MS4A6A	1.21906007526084e-43	0.285669711989347	0.426	0.211	1.91258335207673e-39	0	MS4A6A
FLOT1	1.31073214016673e-43	0.319902376647897	0.505	0.3	2.05640765470758e-39	0	FLOT1
ATF6B	1.79151574338791e-43	0.317206446048676	0.524	0.311	2.81070904980129e-39	0	ATF6B
U2AF1	2.96851082550503e-43	0.320675578574259	0.467	0.263	4.65729663413483e-39	0	U2AF1
MYCBP2	3.60023813322983e-43	0.369958628595368	0.634	0.439	5.64841360722429e-39	0	MYCBP2
EIF1AX	4.70029559568583e-43	0.37712009867599	0.764	0.617	7.37429376007149e-39	0	EIF1AX
BAX	4.87893513677503e-43	0.349317158528609	0.637	0.426	7.65456133608634e-39	0	BAX
LINC00114	9.79827814894046e-43	0.286969263924336	0.321	0.142	1.53725185878727e-38	0	LINC00114
SLC2A3	2.06561648357509e-42	0.291454719671981	0.407	0.206	3.24074570108096e-38	0	SLC2A3
KAT6B	2.50757440300263e-42	0.301092146374654	0.395	0.202	3.93413348087083e-38	0	KAT6B
TMEM123	7.20732910128273e-42	0.320323595690653	0.647	0.44	1.13075786270025e-37	0	TMEM123
TSPYL2	9.43059381032665e-42	0.343741427914446	0.337	0.159	1.47956586290215e-37	0	TSPYL2
PLAUR	9.64830574102126e-42	0.25270962854284	0.278	0.109	1.51372268770883e-37	0	PLAUR
DUSP1	1.0888758427028e-41	0.300290130958176	0.893	0.769	1.70833730961643e-37	0	DUSP1
TNRC6B	1.2438310597294e-41	0.355865818642209	0.66	0.461	1.95144654960945e-37	0	TNRC6B
RPL7L1	1.2488043412558e-41	0.320051025903936	0.545	0.342	1.95924913099623e-37	0	RPL7L1
PNN	1.57688333307065e-41	0.357199397880026	0.884	0.792	2.47397226125454e-37	0	PNN
C4orf48	3.94626503623191e-41	0.28249645111071	0.474	0.271	6.19129521534425e-37	0	C4orf48
MORF4L2	4.25969384762619e-41	0.306549393588172	0.536	0.33	6.68303367754072e-37	0	MORF4L2
SRGN	5.45991959930395e-41	0.285833591426318	0.47	0.26	8.56606785934797e-37	0	SRGN
CNPY3	5.79357351872055e-41	0.319802793331026	0.594	0.391	9.08953749352067e-37	0	CNPY3
TAPBP	6.80467121735192e-41	0.325653545332217	0.574	0.372	1.06758486729034e-36	0	TAPBP
RB1	1.523515762792e-40	0.318390535139548	0.539	0.337	2.39024388024436e-36	0	RB1
FAM101B	1.58069704970997e-40	0.260328794166686	0.517	0.29	2.47995560128997e-36	0	FAM101B
RP1-313I6.12	1.881921165473e-40	0.315692622617711	0.344	0.166	2.95254611651058e-36	0	RP1-313I6.12
EIF5	2.45755695052208e-40	0.345819918022952	0.781	0.625	3.85566109967409e-36	0	EIF5
ERO1B	3.81409930634029e-40	0.271607321795444	0.381	0.195	5.98394040171728e-36	0	ERO1B
PDE4B	1.22016154891103e-39	0.310131013917885	0.414	0.223	1.91431145408651e-35	0	PDE4B
FOXN3	1.57594252386484e-39	0.295493981328724	0.509	0.305	2.47249622569154e-35	0	FOXN3
LINC00936	2.98485292015699e-39	0.267299488850444	0.3	0.131	4.68293574643431e-35	0	LINC00936
LAPTM4A	3.16990739292817e-39	0.318910330022498	0.606	0.408	4.973267708765e-35	0	LAPTM4A
NFKBIZ	3.57073554719808e-39	0.260761265972002	0.276	0.115	5.60212699999906e-35	0	NFKBIZ
CMTM6	6.05357986521631e-39	0.317578612841618	0.566	0.366	9.49746145053787e-35	0	CMTM6
IDS	6.75703073836736e-39	0.311567597681034	0.471	0.273	1.06011055254245e-34	0	IDS
SRSF6	1.07232257246919e-38	0.297908465480379	0.577	0.365	1.68236688394691e-34	0	SRSF6
GNL1	1.23635675008653e-38	0.287336654898139	0.386	0.205	1.93972010521076e-34	0	GNL1
PMAIP1	1.3711826788336e-38	0.324592238439079	0.73	0.532	2.15124850482203e-34	0	PMAIP1
DNAJB6	2.70400552265781e-38	0.304288816508061	0.626	0.426	4.24231426449784e-34	0	DNAJB6
TSPYL1	3.19730538485931e-38	0.263528069196215	0.311	0.143	5.01625241830577e-34	0	TSPYL1
ARPP21	3.2085744600859e-38	0.35185247262583	0.663	0.472	5.03393247042877e-34	0	ARPP21
IRF2BP2	4.86301620250107e-38	0.318005965842957	0.483	0.291	7.62958612010393e-34	0	IRF2BP2
RBM4	4.95384550986666e-38	0.298617199431078	0.441	0.253	7.7720882204298e-34	0	RBM4
SRSF3	8.37806396664347e-38	0.279632151740146	0.916	0.828	1.31443445572669e-33	0	SRSF3
NUMB	8.7494375386237e-38	0.282552533640636	0.492	0.292	1.37269925543467e-33	0	NUMB
ICOSLG	1.10574683766308e-37	0.305511311531226	0.409	0.227	1.7348062136096e-33	0	ICOSLG
TRAF3IP2	1.35794891102409e-37	0.251972069796266	0.284	0.125	2.13048604650569e-33	0	TRAF3IP2
N4BP2L2	3.29023021215948e-37	0.331407031512309	0.728	0.555	5.162042179857e-33	0	N4BP2L2
MYB	5.08836389815133e-37	0.319734742545694	0.603	0.405	7.98313411980961e-33	0	MYB
TGOLN2	5.63430293263395e-37	0.28979658819335	0.488	0.298	8.83965787100941e-33	0	TGOLN2
S100A16	6.23317929188252e-37	0.260225299213834	0.892	0.702	9.77923499103449e-33	0	S100A16
SYNE3	6.33369848461471e-37	0.341031833707063	0.718	0.552	9.93693955251202e-33	0	SYNE3
PPP3CA	6.73471439568324e-37	0.327239713959969	0.524	0.332	1.05660934153874e-32	0	PPP3CA
PCF11	7.10877225529785e-37	0.29453814260124	0.466	0.278	1.11529527913368e-32	0	PCF11
ZKSCAN1	2.85059469548929e-36	0.278743713515869	0.41	0.227	4.47229801775315e-32	0	ZKSCAN1
UBE2G2	3.00724781454846e-36	0.282617295592837	0.493	0.302	4.71807109624507e-32	0	UBE2G2
MYADM	3.06295311839402e-36	0.342736995335616	0.536	0.343	4.80546714744838e-32	0	MYADM
DYNLL1	5.76388950483364e-36	0.311830707139994	0.846	0.744	9.0429662441335e-32	0	DYNLL1
PTTG1IP	5.87269375298028e-36	0.266853543180706	0.393	0.215	9.21366922905077e-32	0	PTTG1IP
PTP4A1	6.27451232017301e-36	0.26255893807017	0.394	0.214	9.84408237911944e-32	0	PTP4A1
LYST	6.81267774609032e-36	0.303698661746583	0.421	0.243	1.06884101158411e-31	0	LYST
PSMA3-AS1	7.13837157040557e-36	0.31823325377966	0.619	0.433	1.11993911568093e-31	0	PSMA3-AS1
PXDN	1.19785850235053e-35	0.261121719032968	0.376	0.2	1.87932020433775e-31	0	PXDN
CMTM3	2.11107390967207e-35	0.267059767998458	0.465	0.274	3.31206385688452e-31	0	CMTM3
CD58	2.18206352515222e-35	0.256346322578608	0.351	0.18	3.42343946461131e-31	0	CD58
DDX6	3.08226617265385e-35	0.299361535909059	0.535	0.351	4.83576739827662e-31	0	DDX6
UBE2D3	3.58358923746514e-35	0.287257942257069	0.881	0.799	5.62229315465906e-31	0	UBE2D3
PLIN3	6.63590653852444e-35	0.320428912468179	0.474	0.297	1.0411073768291e-30	0	PLIN3
C6orf62	1.06918411153458e-34	0.262636493439903	0.436	0.25	1.6774429525866e-30	0	C6orf62
CDKN1A	1.43924168336001e-34	0.285741726353162	0.358	0.188	2.25802627702352e-30	0	CDKN1A
DYNLT1	2.22117449306477e-34	0.253387288144721	0.349	0.181	3.48480066216931e-30	0	DYNLT1
SUMO3	2.64622991247405e-34	0.295697446473655	0.659	0.467	4.15167010968054e-30	0	SUMO3
RGS1	4.13973971645433e-34	0.255808157616525	0.355	0.172	6.49483764114519e-30	0	RGS1
LRRFIP1	4.21203963084565e-34	0.328235201047556	0.766	0.633	6.60826897683374e-30	0	LRRFIP1
RNMT	5.90202375270773e-34	0.303194117185984	0.616	0.433	9.25968506562316e-30	0	RNMT
PAN3	7.22623628276612e-34	0.289519456768439	0.48	0.295	1.13372421040318e-29	0	PAN3
EIF4G2	7.62419902860568e-34	0.25997681277627	0.751	0.554	1.19616058559795e-29	0	EIF4G2
GRIPAP1	1.310082503772e-33	0.253389400039428	0.391	0.216	2.05538844016789e-29	0	GRIPAP1
PHF3	1.51256831506314e-33	0.261712299577124	0.442	0.26	2.37306842950256e-29	0	PHF3
THOC2	2.21743516265047e-33	0.315312269393458	0.688	0.524	3.47893402668233e-29	0	THOC2
ATP5J	2.42241580570788e-33	0.266789752983784	0.894	0.831	3.80052815757509e-29	0	ATP5J
LAT2	3.73207215692975e-33	0.274240925388151	0.907	0.823	5.85524800700708e-29	0	LAT2
TCEAL4	4.70585019571091e-33	0.320876908946418	0.631	0.452	7.38300837205085e-29	0	TCEAL4
SFPQ	2.07216645608003e-32	0.305188452239506	0.784	0.649	3.25102195294396e-28	0	SFPQ
EIF4A1	4.096930256166e-32	0.336238125298242	0.676	0.517	6.42767387889884e-28	0	EIF4A1
SCAF11	4.85737984775708e-32	0.315130235539597	0.655	0.492	7.62074324314609e-28	0	SCAF11
RBM6	6.27563441761478e-32	0.257970598992728	0.448	0.272	9.84584283779583e-28	0	RBM6
NR4A2	1.38871386751788e-31	0.289931217455574	0.333	0.17	2.1787531867488e-27	0	NR4A2
BAZ2B	9.47134785710224e-31	0.263622861018295	0.41	0.243	1.48595976530077e-26	0	BAZ2B
TMEM165	9.52931024690627e-31	0.286625394705211	0.578	0.403	1.49505348463712e-26	0	TMEM165
SSR1	1.04635419786242e-30	0.268052865392029	0.479	0.308	1.64162510102635e-26	0	SSR1
STK26	2.27980609543956e-30	0.264576158629081	0.445	0.28	3.57678778313512e-26	0	STK26
SEC63	3.32145247412771e-30	0.260276555175811	0.461	0.288	5.21102678665896e-26	0	SEC63
FUS	6.73611558921077e-30	0.305477306705894	0.783	0.656	1.05682917479128e-25	0	FUS
STK17B	1.11178263078622e-29	0.307913526847427	0.508	0.34	1.74427576944051e-25	0	STK17B
TIA1	1.26682324750232e-29	0.252033806612867	0.408	0.246	1.98751899300639e-25	0	TIA1
SIAH2	1.81590219460787e-29	0.295776153295822	0.489	0.324	2.84896895312028e-25	0	SIAH2
ABRACL	3.32730524474111e-29	0.298784943079573	0.671	0.527	5.22020919847433e-25	0	ABRACL
YIPF4	4.67578296432025e-29	0.254551150188605	0.418	0.254	7.33583589272204e-25	0	YIPF4
VAMP2	1.78658467490717e-28	0.301744850752728	0.711	0.576	2.80297269646185e-24	0	VAMP2
DOCK8	4.15994699518952e-28	0.259267821771732	0.446	0.284	6.52654084075284e-24	0	DOCK8
GPBP1	8.81389153236986e-28	0.271636687820799	0.601	0.439	1.38281144251351e-23	0	GPBP1
ACAP2	1.55871294101796e-27	0.250281182998109	0.451	0.293	2.44546473316308e-23	0	ACAP2
ZCCHC7	2.06326956823211e-27	0.273212402023231	0.858	0.752	3.23706362559936e-23	0	ZCCHC7
ATP6AP2	2.28341616335738e-27	0.253310913668815	0.606	0.439	3.58245161869139e-23	0	ATP6AP2
USP16	2.3381354821745e-27	0.291940374470423	0.587	0.434	3.66830075798358e-23	0	USP16
RCSD1	6.169878723276e-27	0.277516980734605	0.866	0.77	9.67992272894772e-23	0	RCSD1
PGK1	6.39084793707083e-27	0.265408242689957	0.846	0.754	1.00266013284704e-22	0	PGK1
LINC01420	8.17852618174585e-27	0.274550664870389	0.738	0.599	1.28312897265411e-22	0	LINC01420
TSPO	1.71366444186772e-26	0.276112674002445	0.755	0.629	2.68856814284626e-22	0	TSPO
JMJD1C	3.70111396721762e-26	0.282235003444444	0.603	0.447	5.80667770316772e-22	0	JMJD1C
JUND	6.31627744330922e-26	0.260161111914703	0.779	0.641	9.90960768080784e-22	0	JUND
DNAJA1	7.01434950760435e-26	0.2996620109647	0.685	0.559	1.10048129424805e-21	0	DNAJA1
CHD9	8.96788481706214e-26	0.267124230341468	0.621	0.474	1.40697144894888e-21	0	CHD9
IDI1	1.34815857635e-25	0.266571955286813	0.518	0.367	2.11512599043551e-21	0	IDI1
TPM3	5.3326736296786e-25	0.282381695249258	0.808	0.718	8.36643165760275e-21	0	TPM3
CHD4	7.73623401292318e-25	0.261027377780699	0.518	0.366	1.21373775428752e-20	0	CHD4
TMEM59	1.40463932597039e-24	0.250227043137493	0.656	0.506	2.20373863851495e-20	0	TMEM59
BBX	1.42930670790054e-24	0.279614016419958	0.561	0.411	2.24243929402516e-20	0	BBX
MACF1	1.73462718500373e-24	0.251269238412934	0.48	0.33	2.72145659055236e-20	0	MACF1
PPP2R5C	3.77979059737416e-24	0.268465439131345	0.547	0.404	5.93011346822033e-20	0	PPP2R5C
TLE4	9.11395380862285e-23	0.276705380346728	0.618	0.474	1.42988821303484e-18	0	TLE4
SF1	9.65610582362894e-23	0.253143032764648	0.816	0.729	1.51494644266914e-18	0	SF1
EBF1	1.67291748857e-22	0.251145231144847	0.68	0.53	2.62464024781748e-18	0	EBF1
ZEB2	1.64667068967156e-17	0.252169662549858	0.718	0.622	2.58346164502571e-13	0	ZEB2
CITED2	5.12309036868475e-16	0.25018916763219	0.384	0.271	8.03761647942951e-12	0	CITED2
PDLIM1	1.8309554033336e-13	0.305139423905097	0.659	0.61	2.87258593229009e-09	0	PDLIM1
RPL23A	4.80689602337385e-181	0.837714485858298	1	0.999	7.54153917107124e-177	1	RPL23A
RPL19	2.50550173207612e-170	0.738955082082522	1	1	3.93088166745423e-166	1	RPL19
RPL26	1.72978999901026e-161	0.71677760951976	1	0.999	2.7138675294472e-157	1	RPL26
RPS20	5.75465244694034e-160	0.721107596951382	1	0.998	9.02847422400469e-156	1	RPS20
RPL27	4.39076585582027e-144	0.620514779187451	1	0.998	6.88867255119642e-140	1	RPL27
RPS6	1.08528285618002e-135	0.576049279306778	1	1	1.70270027306083e-131	1	RPS6
RPL30	9.80207327260632e-134	0.612415432100567	1	0.998	1.53784727573921e-129	1	RPL30
RPS26	1.14112093244921e-130	0.827134063280039	0.979	0.92	1.79030463091956e-126	1	RPS26
RPS2	2.95412923232861e-130	0.57045197436837	1	0.999	4.63473335260036e-126	1	RPS2
RPL36A	2.48397697574773e-129	0.703861978820341	0.994	0.973	3.89711147725062e-125	1	RPL36A
RPL38	9.42530152286195e-129	0.58242812142928	0.999	0.998	1.47873555592181e-124	1	RPL38
RPL8	1.06142624183738e-128	0.510126765420719	1	1	1.66527163081867e-124	1	RPL8
RPS17	6.34432191546427e-123	0.613854861380692	1	1	9.95360665317189e-119	1	RPS17
RPL6	1.18502574958812e-120	0.528202938147917	1	0.999	1.85918689852881e-116	1	RPL6
RPL10	4.75742763482147e-120	0.393015852890947	1	0.999	7.46392821627141e-116	1	RPL10
RPL5	4.15202979028423e-119	0.544449313257271	1	0.998	6.51411953797693e-115	1	RPL5
RPL7	2.99985870459068e-118	0.503960111446679	1	0.999	4.70647832163232e-114	1	RPL7
RPS23	3.7173563010349e-117	0.436641908613074	1	0.999	5.83216030069366e-113	1	RPS23
RPLP0	1.29361404258797e-110	0.569677752781069	1	0.996	2.02955107141627e-106	1	RPLP0
RPL9	1.38979050886614e-104	0.449753685989352	1	0.999	2.18044232936009e-100	1	RPL9
RPL23	2.82467985792967e-96	0.48840780062873	0.999	0.994	4.43164022910586e-92	1	RPL23
RPS16	2.26896751522286e-95	0.421803221513094	1	0.999	3.55978313463314e-91	1	RPS16
EEF1B2	6.2292698877206e-92	0.642648998506171	0.981	0.924	9.77310152684484e-88	1	EEF1B2
RPS24	8.43564499561833e-91	0.41449998783137	1	0.998	1.32346834336256e-86	1	RPS24
RPSA	2.81455276507373e-90	0.495674317054185	1	0.995	4.41575183312417e-86	1	RPSA
RPLP1	1.6248169756822e-85	0.484432844442499	1	1	2.54917535314781e-81	1	RPLP1
RPL32	4.73341854920352e-85	0.372187049701162	1	1	7.4262603618454e-81	1	RPL32
RPS5	5.35829717659596e-81	0.436188931441767	1	0.999	8.4066324403614e-77	1	RPS5
RPL18A	1.79035808348563e-78	0.35001410852559	1	1	2.8088927971806e-74	1	RPL18A
RPL4	2.84213588327663e-78	0.447902655730076	0.999	0.988	4.45902698727271e-74	1	RPL4
RPS4X	4.186360573173e-78	0.367121914403008	1	0.999	6.56798110325112e-74	1	RPS4X
NACA	1.52374713296284e-77	0.453080846539308	0.999	0.98	2.39060687690541e-73	1	NACA
RPL13	2.49839863626036e-77	0.306020516251326	1	1	3.91973762042887e-73	1	RPL13
IFITM3	8.37181525765706e-76	0.663158386693673	0.501	0.224	1.31345409577382e-71	1	IFITM3
RPS13	1.10924190077672e-75	0.37891195029667	0.999	0.999	1.7402896181286e-71	1	RPS13
RPS7	4.54635318465182e-75	0.387819365479958	1	0.999	7.13277351140023e-71	1	RPS7
RPS3	1.09871946588836e-74	0.312737762878991	1	1	1.72378097003224e-70	1	RPS3
SNHG25	2.01294744701607e-74	0.715203008001622	0.643	0.341	3.15811324962351e-70	1	SNHG25
RPL22	8.3782580489327e-74	0.412234291826579	0.999	0.995	1.31446490529705e-69	1	RPL22
RPL31	1.44638010119655e-72	0.373354914958969	1	0.999	2.26922574076726e-68	1	RPL31
RPLP2	3.73869358911385e-70	0.336963884949452	1	1	5.86563637196071e-66	1	RPLP2
GNB2L1	2.72030839676623e-66	0.353429521611945	1	0.997	4.26789184368653e-62	1	GNB2L1
SLC25A6	4.965141414252e-66	0.499517155115788	0.995	0.979	7.78981036481996e-62	1	SLC25A6
RPS14	1.12299493500685e-64	0.319706780850998	1	1	1.76186675353225e-60	1	RPS14
RPL7A	2.25426473083587e-62	0.342383046265059	1	0.999	3.53671593620839e-58	1	RPL7A
RPL14	3.63485893567137e-62	0.334426933558757	1	0.999	5.70273018417482e-58	1	RPL14
RPL28	8.2053223744983e-60	0.319166861835743	1	0.999	1.28733302733504e-55	1	RPL28
RPS21	3.26965776955429e-56	0.431370391911196	0.997	0.985	5.12976607465372e-52	1	RPS21
RPL29	3.96095470949658e-56	0.283777035062892	1	0.999	6.21434184372918e-52	1	RPL29
NME1	5.2101900059317e-56	0.55315425097907	0.51	0.265	8.17426710030624e-52	1	NME1
SNHG8	9.76564238938066e-56	0.50656531141935	0.799	0.603	1.53213163446993e-51	1	SNHG8
RPS27A	1.28373134520935e-55	0.277905650210235	1	1	2.01404610749894e-51	1	RPS27A
EIF5A	7.77097749523582e-54	0.57507131564999	0.815	0.646	1.21918865922755e-49	1	EIF5A
C8orf59	8.34556858216271e-54	0.431662861643084	0.631	0.371	1.30933625485551e-49	1	C8orf59
ATP5G1	8.70075534343972e-53	0.527623966395448	0.615	0.39	1.36506150583226e-48	1	ATP5G1
C1QBP	1.11466061165104e-52	0.608595099442124	0.708	0.511	1.74879103361931e-48	1	C1QBP
EIF3H	5.34523615778223e-49	0.46210013651164	0.838	0.687	8.38614100794453e-45	1	EIF3H
RPL41	9.73217200585381e-49	0.306574264417371	1	1	1.5268804659984e-44	1	RPL41
RPS9	2.94249413676371e-48	0.272980726795494	0.999	0.998	4.61647905116859e-44	1	RPS9
ACTG1	3.3844463346266e-48	0.379491777456066	0.999	0.996	5.30985785439568e-44	1	ACTG1
RPS8	7.58956092326534e-48	0.32685494844814	1	0.999	1.1907262132511e-43	1	RPS8
RPL24	8.46780371417865e-48	0.310082818938448	0.999	0.989	1.32851372471749e-43	1	RPL24
RPS10	9.58512192625923e-48	0.378229471721248	0.988	0.962	1.50380977901081e-43	1	RPS10
RPL18	1.88332720412856e-47	0.261155479019888	1	0.999	2.9547520505573e-43	1	RPL18
EEF1D	6.29051544258018e-47	0.338554555734776	0.995	0.967	9.86918967786404e-43	1	EEF1D
MZT2B	2.69204330465009e-43	0.448572986711193	0.788	0.614	4.22354674066552e-39	1	MZT2B
ZNF90	3.71437646963287e-43	0.561809200390582	0.51	0.279	5.82748524320701e-39	1	ZNF90
VIM	6.55517740030705e-43	0.474463976393698	0.867	0.726	1.02844178233417e-38	1	VIM
H1FX	2.51650451856102e-42	0.521427373903069	0.8	0.628	3.94814393917038e-38	1	H1FX
LY6E	5.30695659197876e-42	0.466701393818439	0.612	0.384	8.32608419715548e-38	1	LY6E
RPL10A	2.11781249817047e-40	0.250353181704587	1	1	3.32263602837965e-36	1	RPL10A
EGFL7	2.19395159289007e-40	0.30776437312744	0.274	0.104	3.44209065408523e-36	1	EGFL7
FABP5	2.66572846296515e-40	0.610639151484237	0.609	0.435	4.18226138554602e-36	1	FABP5
RPS25	2.06408430350485e-38	0.254355516912092	1	0.999	3.23834186376876e-34	1	RPS25
RPS4Y1	7.29847135165419e-37	0.35316292231939	0.948	0.888	1.14505717036103e-32	1	RPS4Y1
RPL35	9.11784582422752e-37	0.323655633115158	0.999	0.999	1.43049883136305e-32	1	RPL35
EIF4EBP1	1.34165985405154e-35	0.358262350663379	0.419	0.228	2.10493014502146e-31	1	EIF4EBP1
CD81	4.02583686062058e-35	0.317098263175313	0.74	0.516	6.31613545062763e-31	1	CD81
YBX1	4.30826199838695e-35	0.361351019242854	0.99	0.97	6.75923224926929e-31	1	YBX1
NDUFB11	1.74988561715665e-34	0.362574710940976	0.844	0.714	2.74539554475708e-30	1	NDUFB11
NACA2	4.09495164052914e-33	0.369136086648692	0.311	0.144	6.42456962882617e-29	1	NACA2
RPS15	4.35192685583205e-33	0.253900739469473	1	0.999	6.82773804411491e-29	1	RPS15
RAB34	6.36032780628277e-33	0.291897480234103	0.4	0.213	9.97871829527703e-29	1	RAB34
SNRPD1	3.98304335345332e-32	0.406478359219916	0.715	0.564	6.24899671723292e-28	1	SNRPD1
MT-ND1	5.45511320407649e-32	0.284908574051981	0.999	0.993	8.55852710587561e-28	1	MT-ND1
MDH2	2.39525002784976e-31	0.30261964756541	0.552	0.355	3.75790776869349e-27	1	MDH2
S100A4	5.84544723492637e-31	0.872901590782886	0.741	0.627	9.17092216687598e-27	1	S100A4
PFN1	1.87125625584801e-30	0.30764403104931	0.98	0.938	2.93581393979994e-26	1	PFN1
ENO1	3.01178205645972e-30	0.473343957845116	0.8	0.699	4.72518486837965e-26	1	ENO1
STRA13	1.89188295970361e-29	0.320095295736493	0.416	0.244	2.968175175479e-25	1	STRA13
UQCRB	3.18148754067799e-29	0.290116507308015	0.968	0.921	4.9914358025697e-25	1	UQCRB
TXN	1.25085238367375e-28	0.394123491102285	0.659	0.52	1.96246230474574e-24	1	TXN
ACAA2	1.51999799012064e-28	0.272419369118888	0.402	0.227	2.38472484670028e-24	1	ACAA2
COX6C	2.61611891286585e-28	0.284250801408497	0.946	0.88	4.10442896239523e-24	1	COX6C
TIMP1	4.72333580947605e-28	0.437635301155175	0.523	0.354	7.41044155148698e-24	1	TIMP1
IKZF1	4.48821430595472e-27	0.376254493628539	0.599	0.442	7.04155942461236e-23	1	IKZF1
CLEC11A	1.21259986659746e-26	0.433217515343865	0.477	0.325	1.90244793070475e-22	1	CLEC11A
NDUFB9	4.04648782810756e-26	0.318388666985184	0.627	0.475	6.34853475351796e-22	1	NDUFB9
PARK7	8.24144511842407e-26	0.303148933099258	0.761	0.618	1.29300032462955e-21	1	PARK7
PKM	9.10335006993249e-26	0.334737880921613	0.754	0.633	1.42822459247171e-21	1	PKM
MZT2A	1.0156965764585e-25	0.314715899894747	0.604	0.442	1.59352635880573e-21	1	MZT2A
MRPL12	3.06746884123306e-25	0.295403349097042	0.375	0.221	4.81255186501055e-21	1	MRPL12
MSH6	3.06903909949809e-25	0.290109192727015	0.376	0.218	4.81501544320255e-21	1	MSH6
SYNGR1	4.03734812526966e-25	0.29009391418697	0.34	0.191	6.33419547373556e-21	1	SYNGR1
PPA1	5.28500291166923e-25	0.26431703787596	0.384	0.22	8.29164106811786e-21	1	PPA1
PSME2	5.4908517145488e-25	0.340509531062234	0.693	0.554	8.61459725495562e-21	1	PSME2
SRM	8.51170290267107e-25	0.301195953188506	0.441	0.275	1.33540106840006e-20	1	SRM
IMPDH2	9.61499407899961e-25	0.309462072139049	0.519	0.35	1.50849642105425e-20	1	IMPDH2
VAMP8	1.05458951266848e-24	0.300508147473913	0.671	0.515	1.65454548642558e-20	1	VAMP8
TMEM256	1.89383431944719e-24	0.290369331458127	0.593	0.428	2.9712366637807e-20	1	TMEM256
GADD45GIP1	2.64750214041489e-24	0.274838882015317	0.515	0.346	4.15366610809692e-20	1	GADD45GIP1
RBM3	2.77252562984298e-24	0.297850361272185	0.799	0.684	4.34981546066066e-20	1	RBM3
CD99	7.35732064826898e-24	0.465332418285257	0.774	0.667	1.15429003650692e-19	1	CD99
PTP4A2	1.02379550863352e-23	0.321177753865202	0.702	0.553	1.60623277349514e-19	1	PTP4A2
MT-ND2	1.88470799701149e-23	0.287130178274643	1	0.997	2.95691837651133e-19	1	MT-ND2
PTP4A3	3.61469476236755e-23	0.26639267717328	0.297	0.157	5.67109461267845e-19	1	PTP4A3
EIF3E	9.33958834022252e-23	0.264875402701232	0.965	0.928	1.46528801469751e-18	1	EIF3E
RPL12	9.6406743657482e-23	0.253738730138148	1	1	1.51252540124223e-18	1	RPL12
PRDX4	3.43221260007941e-22	0.257633461868035	0.353	0.207	5.38479834826458e-18	1	PRDX4
TPT1	3.54746202629754e-22	0.25510249156569	1	0.998	5.56561317305822e-18	1	TPT1
EMP3	1.8809754549647e-21	0.481150623799364	0.659	0.526	2.95106239129412e-17	1	EMP3
ANAPC11	2.83552232748515e-21	0.296612661835606	0.659	0.527	4.44865097959145e-17	1	ANAPC11
LDHA	6.34455541847733e-21	0.313223156489935	0.714	0.584	9.95397299604909e-17	1	LDHA
CYC1	7.79824510388565e-21	0.269132934978671	0.519	0.369	1.22346667434862e-16	1	CYC1
SNRPE	9.8144893396383e-21	0.288527998414089	0.715	0.605	1.53979523249585e-16	1	SNRPE
PSMA7	3.37626783226186e-20	0.322705613541904	0.809	0.707	5.29702660203563e-16	1	PSMA7
CHCHD2	4.27084066338454e-20	0.255161954427701	0.947	0.9	6.700521916784e-16	1	CHCHD2
APEX1	4.56792088119535e-20	0.299572537550441	0.71	0.59	7.16661107050738e-16	1	APEX1
COX5A	5.41189835354607e-20	0.261988563124436	0.623	0.477	8.49072732687842e-16	1	COX5A
VPREB1	6.63638762925564e-20	0.276460908890328	0.989	0.979	1.04118285515392e-15	1	VPREB1
SNRPB	4.01214315961719e-19	0.275773517664472	0.728	0.62	6.2946514031234e-15	1	SNRPB
HN1	5.02355253793794e-19	0.266124830725525	0.492	0.35	7.88145157677083e-15	1	HN1
NAA38	2.71963812051821e-18	0.295283388559174	0.625	0.505	4.26684024728101e-14	1	NAA38
PHB	5.30983663033722e-17	0.264466690297428	0.656	0.543	8.33060268933607e-13	1	PHB
RSL1D1	2.01722291894788e-16	0.253857377154215	0.542	0.409	3.16482103753732e-12	1	RSL1D1
RP11-386I14.4	2.32340448475611e-16	0.318470442603172	0.331	0.209	3.64518929613386e-12	1	RP11-386I14.4
RP11-160E2.6	4.26501609447359e-16	0.263768809376283	0.385	0.258	6.69138375061962e-12	1	RP11-160E2.6
CMTM8	1.1000788288222e-15	0.288033811999381	0.483	0.344	1.72591367453915e-11	1	CMTM8
DONSON	1.00061774711853e-14	0.295616973825067	0.379	0.268	1.56986918345426e-10	1	DONSON
PA2G4	3.19477735131921e-14	0.305874009949081	0.606	0.512	5.01228618648471e-10	1	PA2G4
SET	1.11282029035216e-12	0.277605460931928	0.837	0.755	1.7459037535335e-08	1	SET
TUBA1B	1.83497420079461e-12	0.370575180942934	0.884	0.873	2.87889102362666e-08	1	TUBA1B
ANXA2	1.90185190808005e-12	0.25506614049129	0.448	0.34	2.98381545858679e-08	1	ANXA2
NKG7	1.30253159448965e-11	0.324418842625102	0.512	0.415	2.04354181859481e-07	1	NKG7
PLP2	2.47440992163146e-11	0.27433160615105	0.597	0.509	3.88210172604761e-07	1	PLP2
RPS4Y2	1.02145559698343e-10	0.35065838793671	0.736	0.648	1.60256168610731e-06	1	RPS4Y2
IFITM2	1.1021479715647e-10	0.265232718856599	0.718	0.646	1.72915995258786e-06	1	IFITM2
TRAC	3.1078262378272e-10	0.407431900735159	0.403	0.316	4.87586858452709e-06	1	TRAC
NCL	3.30382547562525e-10	0.256363687322534	0.89	0.838	5.18337178870846e-06	1	NCL
LTB	3.62968987281803e-08	0.414569496613059	0.597	0.523	0.000569462044146421	1	LTB
ISG15	2.87764039994389e-06	0.377912950957567	0.322	0.259	0.0451473002347197	1	ISG15
S100A6	0.000188071381956742	0.316598187626324	0.527	0.501	1	1	S100A6
IGKC	2.96133713758263e-249	2.07898837695419	0.843	0.31	4.64604183515339e-245	2	IGKC
UCP2	2.5833477115509e-194	1.11109686434179	0.812	0.351	4.05301422465221e-190	2	UCP2
C16orf74	6.5794475489198e-192	0.798454095236502	0.531	0.094	1.03224952595003e-187	2	C16orf74
CD79B	4.07149211541478e-184	1.5474808117097	0.959	0.924	6.38776397987425e-180	2	CD79B
LIMD2	8.41245011667242e-162	1.24017016933109	0.85	0.511	1.31982929880474e-157	2	LIMD2
IGLC5	1.46497432369613e-149	0.457741426684129	0.285	0.018	2.29839821644685e-145	2	IGLC5
CD52	1.36430785795176e-133	1.25822654367154	0.948	0.848	2.14046259834051e-129	2	CD52
IGLL5	3.90423405428869e-132	1.23233641549125	0.322	0.042	6.12535280777352e-128	2	IGLL5
TMSB10	5.87572482146811e-120	0.601677428327437	0.998	1	9.21842467240132e-116	2	TMSB10
CD37	5.94817905450644e-120	1.27218924469949	0.864	0.809	9.33209811861515e-116	2	CD37
P2RX5	4.85562535084948e-109	0.529082817684639	0.387	0.085	7.61799061294775e-105	2	P2RX5
CRIP1	9.78755055522452e-105	0.750500115437012	0.468	0.138	1.53556880660918e-100	2	CRIP1
PCDH9	1.90470834784121e-96	0.662298733192327	0.547	0.2	2.98829692692807e-92	2	PCDH9
TAGLN2	3.09501781495567e-96	0.856774529652174	0.627	0.292	4.85577344988396e-92	2	TAGLN2
IGLC3	3.60349878362825e-93	0.724627710446433	0.411	0.116	5.65352924163436e-89	2	IGLC3
RPS261	6.73942323625251e-92	0.710756694232261	0.976	0.923	1.05734811153566e-87	2	RPS26
RP11-406H23.2	4.78495469553226e-89	0.587898691506093	0.333	0.077	7.50711542182056e-85	2	RP11-406H23.2
ACTB	4.12143739062194e-87	0.627476517662947	0.995	1	6.46612312214676e-83	2	ACTB
CXXC5	1.13479509729116e-84	0.365198966675111	0.271	0.048	1.78038002814011e-80	2	CXXC5
IGLC2	1.03850613948317e-82	0.885429341965866	0.532	0.228	1.62931228223515e-78	2	IGLC2
AES	1.63671876819915e-80	0.84523585267492	0.827	0.702	2.56784807542764e-76	2	AES
TMEM156	1.15312829651869e-78	0.765295611417572	0.469	0.182	1.80914298440817e-74	2	TMEM156
MS4A1	5.18750306867351e-78	0.788298342347754	0.547	0.234	8.13867356444187e-74	2	MS4A1
SPIB	1.2465998655122e-76	0.624295276938234	0.565	0.252	1.95579052900209e-72	2	SPIB
LYN	1.60727882879195e-76	0.402252596001946	0.371	0.108	2.5216597544917e-72	2	LYN
IGHG3	9.84674892400216e-73	0.328416306694298	0.252	0.05	1.5448564386867e-68	2	IGHG3
RHOH	2.35075627084353e-71	0.570023283374181	0.629	0.334	3.68810151332641e-67	2	RHOH
PLAC8	1.48746653777793e-70	1.38187505207039	0.691	0.487	2.3336862511198e-66	2	PLAC8
P4HA2	4.98693816990293e-69	0.463546569620391	0.369	0.119	7.82400729476071e-65	2	P4HA2
YBX3	8.13159083137932e-69	0.979007313576316	0.858	0.852	1.2757652855351e-64	2	YBX3
MID1IP1	4.48445547618758e-68	0.771265770401737	0.611	0.349	7.03566219659069e-64	2	MID1IP1
HERPUD1	2.08808858567513e-67	0.587250230941018	0.507	0.223	3.27600218206571e-63	2	HERPUD1
FAM107B	6.13615895763834e-67	0.609235340162436	0.665	0.384	9.6270197886388e-63	2	FAM107B
CD811	2.42061761996241e-65	0.816017076772125	0.715	0.531	3.79770698395903e-61	2	CD81
RPL301	7.82426930990158e-65	0.398579648800319	0.995	1	1.22754961203046e-60	2	RPL30
ACTG11	1.58439494706013e-64	0.584582718050565	0.988	0.999	2.48575723244264e-60	2	ACTG1
RPL261	4.31847705240771e-64	0.39466166462616	0.996	1	6.77525864752246e-60	2	RPL26
FCMR	4.39199135836283e-64	0.427784582674034	0.393	0.142	6.89059524213544e-60	2	FCMR
CD38	1.69630127850485e-63	0.473583662931316	0.433	0.17	2.66132707584625e-59	2	CD38
PLD4	5.81790429923194e-63	0.457414583525089	0.425	0.165	9.12771005506500e-59	2	PLD4
KLF3	6.24385825089736e-63	0.573147571575141	0.441	0.186	9.79598920983287e-59	2	KLF3
CLEC2D	1.947265529319e-62	0.52164320632668	0.66	0.374	3.05506488894858e-58	2	CLEC2D
EEF1D1	6.63450733703044e-61	0.409150616299675	0.984	0.971	1.04088785610671e-56	2	EEF1D
LHPP	2.47005617996362e-60	0.397512589703817	0.361	0.124	3.87527114074492e-56	2	LHPP
JCHAIN	2.98044384689275e-60	0.744937521082964	0.369	0.132	4.67601835139004e-56	2	JCHAIN
HRK	8.49232765121788e-60	0.467823703383518	0.391	0.145	1.33236128519957e-55	2	HRK
FAM65B	4.61080751639864e-59	0.549462534729399	0.598	0.331	7.23389591247782e-55	2	FAM65B
ARPC3	2.87974355751024e-57	0.452512457933452	0.962	0.923	4.51802966737781e-53	2	ARPC3
IGHM	8.20264382930564e-57	1.13504856716419	0.802	0.675	1.28691279037976e-52	2	IGHM
CXCR4	2.43205113471223e-56	0.676936103758069	0.945	0.911	3.81564502525002e-52	2	CXCR4
BLK	1.5849084989889e-52	0.570065996415506	0.546	0.307	2.48656294406369e-48	2	BLK
RPL37	2.2466513838828e-51	0.319449905983443	0.999	1	3.52477135617373e-47	2	RPL37
RHOC	7.55908638210767e-51	0.504020635433504	0.43	0.202	1.18594506248887e-46	2	RHOC
SMIM14	2.84082815033372e-50	0.60646971877159	0.6	0.375	4.45697528505857e-46	2	SMIM14
SNHG7	1.34039665297383e-49	0.566259572646463	0.75	0.569	2.10294830885064e-45	2	SNHG7
RPL23A1	2.01605429290389e-49	0.341853992752405	0.996	1	3.16298758013692e-45	2	RPL23A
RPL191	7.50136459185944e-49	0.290221448298949	0.999	1	1.17688909081683e-44	2	RPL19
PFN11	1.49737366134581e-48	0.477144169991174	0.965	0.944	2.34922953728544e-44	2	PFN1
S1PR4	2.91965937473351e-48	0.605532957080543	0.629	0.421	4.5806535930194e-44	2	S1PR4
LGALS9	2.18528959135918e-47	0.444201504920984	0.559	0.319	3.42850083988342e-43	2	LGALS9
ANXA4	2.42459363799422e-47	0.342253475583396	0.262	0.083	3.80394495864913e-43	2	ANXA4
HLA-DQB1	3.27164677092138e-47	0.627081904563554	0.822	0.727	5.13288661889855e-43	2	HLA-DQB1
RPS27A1	4.17499130083158e-47	0.259494461203861	1	1	6.55014385187467e-43	2	RPS27A
SPINT2	6.89782714082983e-47	0.486448897792909	0.607	0.391	1.08220010012479e-42	2	SPINT2
CORO1A	8.84948020564784e-47	0.533205538605421	0.826	0.688	1.38839494946409e-42	2	CORO1A
VAMP81	1.27729699615998e-46	0.491634077777961	0.726	0.506	2.00395125727539e-42	2	VAMP8
TRAF3IP3	1.31429545807644e-46	0.410350264837809	0.417	0.19	2.06199814417613e-42	2	TRAF3IP3
MT-CYB	2.87194296274287e-46	0.417938590936981	0.993	1	4.50579131424729e-42	2	MT-CYB
LBH	1.29966053575303e-45	0.355517275163473	0.365	0.152	2.03903741454292e-41	2	LBH
BACH2	1.45855218048065e-45	0.415792672090784	0.553	0.302	2.28832251595609e-41	2	BACH2
H1FX1	7.07172551895944e-45	0.864177816042022	0.768	0.643	1.10948301666955e-40	2	H1FX
LY6E1	2.38013410410176e-44	0.644017604298849	0.601	0.395	3.73419239592526e-40	2	LY6E
UBB	1.38422356300017e-43	0.379774074392132	0.995	0.987	2.17170834799097e-39	2	UBB
HLA-DMB	2.43108941053171e-43	0.606535143038382	0.694	0.535	3.81413617618321e-39	2	HLA-DMB
PTPN6	4.22460897636592e-43	0.432724374934581	0.521	0.29	6.62798902302049e-39	2	PTPN6
HLA-DQA1	5.10114749108278e-43	0.707938646356279	0.609	0.437	8.00319029875978e-39	2	HLA-DQA1
RPS161	1.33581753103281e-42	0.295246425624749	0.996	1	2.09576412443737e-38	2	RPS16
FAU	1.06458955212361e-41	0.263310848874423	0.999	1	1.67023454832673e-37	2	FAU
CD74	4.94599317657299e-41	0.401598806895583	0.984	1	7.75976869472536e-37	2	CD74
BTG1	9.03204363740953e-41	0.561296355619797	0.953	0.917	1.41703732627318e-36	2	BTG1
CD79A	1.47616852254259e-40	0.584350215637833	0.946	0.937	2.31596079501707e-36	2	CD79A
H3F3A	2.48440075222308e-40	0.390395824762554	0.999	0.999	3.8977763401628e-36	2	H3F3A
HLA-DPB1	5.09407374883519e-39	0.519762084073423	0.93	0.945	7.99209230454753e-35	2	HLA-DPB1
RPL411	3.53773974226705e-38	0.346793528530416	1	1	5.55035988164277e-34	2	RPL41
CYSLTR1	4.89845527087843e-38	0.257576877542476	0.269	0.099	7.68518647448117e-34	2	CYSLTR1
ARHGDIB	7.30828226081867e-38	0.321749696339828	0.984	0.981	1.14659640389984e-33	2	ARHGDIB
EMP31	2.09796637103028e-37	0.691587242290304	0.658	0.531	3.2914994395094e-33	2	EMP3
S100A9	2.14046940316517e-37	0.400612307491918	0.264	0.099	3.35818244662584e-33	2	S100A9
HCK	3.31120387106331e-37	0.3378607956028	0.388	0.188	5.19494775331122e-33	2	HCK
CD72	4.381921169189e-37	0.447371302235279	0.637	0.447	6.87479612234062e-33	2	CD72
CFL1	1.87510554786762e-36	0.356996897441176	0.992	0.977	2.94185309404951e-32	2	CFL1
ITM2C	2.07728463142667e-36	0.32805445692042	0.388	0.187	3.25905185824531e-32	2	ITM2C
CMTM7	2.72941898032075e-36	0.414514463468754	0.636	0.436	4.28218543822523e-32	2	CMTM7
PTPRC	2.76874828416886e-36	0.403183494319178	0.46	0.254	4.34388918303252e-32	2	PTPRC
GDI2	9.71629796982732e-36	0.45620485536566	0.766	0.643	1.52438998848621e-31	2	GDI2
GADD45B	3.02400178362692e-35	0.474169136372424	0.511	0.31	4.74435639833228e-31	2	GADD45B
RPS201	5.62166101442904e-35	0.259343240747684	0.998	0.999	8.81982396553773e-31	2	RPS20
TBC1D10C	6.42609380663109e-35	0.410290579846281	0.534	0.337	1.00818985732235e-30	2	TBC1D10C
ICAM3	8.55917212378821e-34	0.275383492609213	0.329	0.147	1.34284851450113e-29	2	ICAM3
QRSL1	2.71579718718578e-32	0.357310745840593	0.46	0.263	4.26081420697576e-28	2	QRSL1
LAPTM5	2.76283205658374e-32	0.382139233451283	0.936	0.975	4.33460721357423e-28	2	LAPTM5
VPREB3	4.48293268510016e-32	0.42109385190036	0.929	0.849	7.03327308965364e-28	2	VPREB3
NACA1	1.26688026845038e-31	0.288660152480177	0.986	0.985	1.98760845317181e-27	2	NACA
TCL1A	4.93210535693731e-31	0.464186884817618	0.941	0.966	7.73798009449894e-27	2	TCL1A
RPS101	1.38921239276294e-30	0.354663637021906	0.971	0.968	2.17953532300577e-26	2	RPS10
SUB1	1.39532735096963e-30	0.416929182875233	0.897	0.851	2.18912908093626e-26	2	SUB1
VDAC1	5.7933938755841e-30	0.488690742808587	0.735	0.621	9.0892556514039e-26	2	VDAC1
PPP1CA	5.84486179734677e-30	0.345752049754342	0.831	0.714	9.17000367385735e-26	2	PPP1CA
TRAPPC1	1.1463036787014e-29	0.356947171198712	0.647	0.482	1.79843584151463e-25	2	TRAPPC1
ZFAS1	2.22767226698287e-29	0.388624203089945	0.785	0.682	3.49499501966943e-25	2	ZFAS1
EIF1	2.54212940500171e-29	0.341655776978914	0.996	0.999	3.98834682350718e-25	2	EIF1
FOXP1	6.99923857455582e-29	0.385344476286671	0.622	0.434	1.09811053996206e-24	2	FOXP1
ERP29	1.18063463749616e-28	0.384522612290333	0.79	0.674	1.85229768276772e-24	2	ERP29
EIF3H1	2.52581814518946e-28	0.339201203794238	0.824	0.697	3.96275608798774e-24	2	EIF3H
GLTSCR2	3.26102120350019e-28	0.318344331974965	0.95	0.942	5.11621616617145e-24	2	GLTSCR2
MX2	9.28715806594401e-28	0.266267304463374	0.301	0.142	1.45706222896596e-23	2	MX2
ZNF901	1.30544659060544e-27	0.347925322524683	0.478	0.296	2.04811515600087e-23	2	ZNF90
ARPC2	2.61629968667083e-27	0.305720948285728	0.914	0.859	4.10471257841786e-23	2	ARPC2
CYB561A3	4.4271541643162e-27	0.325779912187727	0.316	0.161	6.94576216839568e-23	2	CYB561A3
NSMCE1	8.90604519512257e-27	0.526978390463221	0.42	0.256	1.39726943066278e-22	2	NSMCE1
MTRNR2L8	1.64600829679723e-26	0.305973100710861	0.393	0.22	2.58242241684518e-22	2	MTRNR2L8
MRPS21	6.52902351472218e-26	0.334077258239562	0.417	0.246	1.02433849922476e-21	2	MRPS21
TOMM7	1.31085055643497e-25	0.31632130334979	0.845	0.746	2.05659343799083e-21	2	TOMM7
NDUFB91	4.35889191407414e-25	0.307468328405921	0.647	0.475	6.83866552399091e-21	2	NDUFB9
RPS4Y11	1.05300495901402e-24	0.291934427942419	0.934	0.894	1.65205948019709e-20	2	RPS4Y1
RPL36AL	1.71916931999682e-24	0.309500673986383	0.933	0.909	2.69720474614301e-20	2	RPL36AL
MAP2K3	2.35924018775618e-24	0.288683333557502	0.443	0.274	3.70141193057067e-20	2	MAP2K3
CD55	3.92068018727529e-24	0.256116031799624	0.346	0.189	6.1511551458162e-20	2	CD55
HIST1H1C	7.42879432757521e-24	0.480604671366204	0.559	0.405	1.16550354205327e-19	2	HIST1H1C
CMTM81	1.274559298324e-23	0.521026508540912	0.497	0.345	1.99965608314052e-19	2	CMTM8
NOSIP	1.32003704580599e-23	0.329141571760177	0.523	0.365	2.07100612116502e-19	2	NOSIP
COX6C1	1.82486465245767e-22	0.282220240340226	0.936	0.885	2.86303015324083e-18	2	COX6C
PTP4A21	2.95270382164117e-22	0.331934868139273	0.697	0.56	4.63249702577283e-18	2	PTP4A2
MT-ND3	4.54654061128247e-21	0.311060717286089	0.995	0.999	7.13306756504107e-17	2	MT-ND3
PRKCB	7.32744262663667e-21	0.331453492625389	0.58	0.436	1.14960247369303e-16	2	PRKCB
RGS19	1.62939031264758e-20	0.339076789227119	0.618	0.494	2.55635046151278e-16	2	RGS19
VIM1	1.76606315352949e-20	0.393033057977884	0.816	0.745	2.77077648157242e-16	2	VIM
RBM31	2.74076354682594e-20	0.292087850713749	0.789	0.691	4.29998392861521e-16	2	RBM3
IGHD	2.89276751467785e-20	0.414987590040008	0.532	0.406	4.53846295377808e-16	2	IGHD
TXNIP	6.01303632843374e-20	0.415390843987714	0.663	0.557	9.43385269567969e-16	2	TXNIP
MYL12B	9.81356385627481e-20	0.250085908399102	0.894	0.833	1.53965003341095e-15	2	MYL12B
RPS211	1.29319452005289e-19	0.252502248371897	0.987	0.988	2.02889288251098e-15	2	RPS21
YPEL3	1.86907554715492e-19	0.322099471852868	0.556	0.426	2.93239262593136e-15	2	YPEL3
FMNL1	3.52126102672658e-19	0.25613593192384	0.425	0.276	5.52450642483134e-15	2	FMNL1
KLF2	9.52884159303278e-19	0.556702777030148	0.815	0.843	1.49497995753091e-14	2	KLF2
PLEKHA2	9.91419997781202e-19	0.297498690228659	0.454	0.315	1.55543883451893e-14	2	PLEKHA2
ISG20	1.08412698879982e-18	0.37888977731097	0.522	0.406	1.70088683272803e-14	2	ISG20
POU2F2	1.53893483194616e-18	0.360554204071543	0.553	0.42	2.41443485784034e-14	2	POU2F2
CD24	5.10976191743995e-18	0.309071262024557	0.91	0.853	8.01670547227154e-14	2	CD24
LIMS2	5.29681604388826e-18	0.269924581748679	0.295	0.17	8.31017469125629e-14	2	LIMS2
MTRNR2L12	6.13942404454739e-18	0.260226371300123	0.357	0.222	9.63214238349039e-14	2	MTRNR2L12
TUBA1A	8.44609748386797e-18	0.326672400363006	0.767	0.676	1.32510823424405e-13	2	TUBA1A
FAM26F	9.42695306615114e-18	0.293025017125449	0.495	0.364	1.47899466654845e-13	2	FAM26F
C12orf57	9.54498743136247e-18	0.309518553708252	0.457	0.316	1.49751307810646e-13	2	C12orf57
HLA-DMA	1.09020408502373e-17	0.362356917191907	0.705	0.645	1.71042118899373e-13	2	HLA-DMA
TCF3	1.18674275906074e-17	0.273903052619748	0.539	0.4	1.86188071469039e-13	2	TCF3
MINOS1	1.681172897639e-17	0.271748811453629	0.48	0.341	2.63759215910582e-13	2	MINOS1
CIB1	4.16335149998816e-17	0.287875139761517	0.492	0.355	6.53188216833142e-13	2	CIB1
ANXA21	5.43905841580405e-17	0.285384779028663	0.475	0.336	8.53333874855497e-13	2	ANXA2
KIAA0226L	8.29759902801375e-17	0.297585771808168	0.337	0.215	1.30181031150508e-12	2	KIAA0226L
AP1S2	8.31133129631324e-17	0.26216673102998	0.678	0.552	1.30396476707858e-12	2	AP1S2
HMCES	8.76407908802592e-17	0.250691917479002	0.411	0.275	1.37499636812039e-12	2	HMCES
SYTL1	1.20198242539362e-16	0.257515438015683	0.291	0.173	1.88579022720006e-12	2	SYTL1
MIEN1	1.82532477204984e-16	0.279246181105234	0.519	0.397	2.863752034869e-12	2	MIEN1
RBM38	9.8217320116966e-16	0.265978342463048	0.502	0.368	1.54093153531508e-11	2	RBM38
MTPN	1.63564785036854e-15	0.262937219894094	0.647	0.543	2.56616791244321e-11	2	MTPN
BTK	1.86198769355922e-15	0.286250702265112	0.557	0.447	2.92127249242506e-11	2	BTK
SSR2	2.40388071694648e-15	0.258294379858658	0.647	0.535	3.77144845681733e-11	2	SSR2
DBI	2.57956943212523e-14	0.315634026761371	0.783	0.743	4.04708648206127e-10	2	DBI
EVL	4.30773916070465e-14	0.30044021734406	0.654	0.576	6.75841196922952e-10	2	EVL
UBXN1	6.64272049302949e-14	0.252074143208075	0.694	0.596	1.0421764181514e-09	2	UBXN1
HLA-DPA1	8.58979378809082e-14	0.350085194342934	0.884	0.934	1.34765274741357e-09	2	HLA-DPA1
LTB1	1.69210831699356e-13	0.512220067001802	0.605	0.523	2.65474873853120e-09	2	LTB
RGS2	2.97335327152331e-13	0.661463481850168	0.325	0.231	4.66489394769292e-09	2	RGS2
RP11-164H13.1	4.93411626782126e-13	0.412021998213606	0.369	0.261	7.74113501258477e-09	2	RP11-164H13.1
PRR13	8.40452858897511e-13	0.266265464477708	0.705	0.641	1.3185864903243e-08	2	PRR13
PSMA2	5.46313175000466e-12	0.256052223434179	0.57	0.47	8.57110740258232e-08	2	PSMA2
EIF3L	2.63224130056873e-11	0.250508163797192	0.741	0.69	4.12972337646228e-07	2	EIF3L
TSC22D3	1.43643476378766e-09	0.492165174822553	0.885	0.963	2.25362250090646e-05	2	TSC22D3
LSP1	1.05858399971046e-08	0.278771406467545	0.7	0.708	0.000166081243714574	2	LSP1
JUNB	2.87535367731384e-08	0.41358870877104	0.691	0.656	0.000451114238433768	2	JUNB
NBEAL1	7.43253314538274e-07	0.419398417614972	0.646	0.644	0.011660901251791	2	NBEAL1
RHOB	2.33573547793567e-06	0.268824196131167	0.391	0.332	0.0366453539133327	2	RHOB
TFDP2	3.99380745461794e-05	0.2559574328833	0.311	0.261	0.626588451555009	2	TFDP2
HNRNPA1L2	5.94623590728786e-05	0.476421661831789	0.324	0.29	0.932904951494392	2	HNRNPA1L2
HMGN2	0.000133391169544507	0.377248431923973	0.79	0.889	1	2	HMGN2
HBB	0.000306021077099601	2.42335279940463	0.472	0.73	1	2	HBB
PRDX2	0.00563179052846203	0.260246222450029	0.255	0.228	1	2	PRDX2
RGS11	1.16804855232339e-65	0.966240388426088	0.623	0.215	1.83255137374017e-61	3	RGS1
GPX11	4.80608890349879e-64	0.847560528882336	0.993	0.936	7.54027288069924e-60	3	GPX1
EEF1A1	2.29288280183231e-61	0.408571035932082	1	1	3.59730382779471e-57	3	EEF1A1
RPL391	1.43798602516249e-58	0.413738371486332	1	0.999	2.25605627487743e-54	3	RPL39
MS4A6A1	6.10797682846809e-54	0.860537638238329	0.643	0.269	9.58280484618358e-50	3	MS4A6A
SRGN1	4.90699887153511e-51	0.81251710436982	0.685	0.316	7.69859052955143e-47	3	SRGN
DAAM11	3.15195098234136e-45	0.789488462580426	0.718	0.381	4.94509589619536e-41	3	DAAM1
LPAR61	6.97826017218563e-45	0.68478752193178	0.715	0.332	1.0948192384142e-40	3	LPAR6
IPCEF11	2.34685098309127e-43	0.595183950466299	0.57	0.231	3.68197450737189e-39	3	IPCEF1
ALOX5AP1	7.70144705713531e-43	0.821142349279402	0.839	0.544	1.20828002879396e-38	3	ALOX5AP
ANKRD281	3.77582093915028e-40	0.751026223586937	0.718	0.392	5.92388547143288e-36	3	ANKRD28
NR4A21	7.37245639152834e-38	0.648559566021256	0.518	0.212	1.15666468326688e-33	3	NR4A2
CD1641	8.2231953392003e-34	0.54336982137911	0.872	0.559	1.29013711676714e-29	3	CD164
RPS18	2.67980169842051e-31	0.324328112249099	1	1	4.20434088465194e-27	3	RPS18
FLT31	7.91584264356234e-31	0.505911213781582	0.695	0.381	1.2419165523485e-26	3	FLT3
IL13RA1	1.01815337833893e-30	0.350613855345921	0.331	0.108	1.59738083527595e-26	3	IL13RA1
PLAUR1	2.17467509828421e-29	0.524194027329426	0.403	0.159	3.4118477616981e-25	3	PLAUR
RPS29	7.58786424227508e-29	0.255538501885215	1	1	1.19046002097054e-24	3	RPS29
IRF81	8.14657340814274e-28	0.560936833667089	0.659	0.38	1.27811590200351e-23	3	IRF8
GNA151	2.2607060416162e-27	0.451585075036983	0.643	0.356	3.54682170869165e-23	3	GNA15
HBEGF1	1.1390782278365e-26	0.517618682736886	0.59	0.31	1.78709983165268e-22	3	HBEGF
RPS12	1.27143446620283e-26	0.279386972848132	1	1	1.99475353402562e-22	3	RPS12
PMAIP11	2.34685443181161e-26	0.715583692177733	0.813	0.595	3.68197991806924e-22	3	PMAIP1
ITGB2	8.52580238752751e-26	0.471671403324103	0.692	0.409	1.33761313657919e-21	3	ITGB2
FTH11	1.76151366694305e-25	0.391306572300942	0.997	0.994	2.76363879206696e-21	3	FTH1
MGAT4A1	1.08268925755331e-24	0.442043776342356	0.666	0.393	1.69863117617539e-20	3	MGAT4A
FOS1	2.67117329369481e-24	0.55370531022561	0.97	0.907	4.19080378047779e-20	3	FOS
RPL121	3.25750328261719e-24	0.287988726142991	1	1	5.11069690009811e-20	3	RPL12
MEF2C1	1.39536955763312e-23	0.536119195470829	0.918	0.777	2.1891952989706e-19	3	MEF2C
CNPY31	2.45960348042194e-23	0.399982476348655	0.721	0.453	3.85887190043398e-19	3	CNPY3
RPL34	2.55449967147671e-23	0.252993008858345	1	1	4.00775453457981e-19	3	RPL34
CYBA	5.78070631134632e-23	0.395115227957295	0.997	0.944	9.06935013187123e-19	3	CYBA
USP36	8.49913581500806e-23	0.397745692088487	0.479	0.239	1.33342941801661e-18	3	USP36
MCL11	2.11085577998785e-22	0.424313664960508	0.633	0.361	3.31172163322294e-18	3	MCL1
RPL10A1	2.21087076700827e-22	0.271957515851888	1	1	3.46863514635928e-18	3	RPL10A
RP11-231E4.21	4.43537591447083e-22	0.394464479642745	0.708	0.404	6.95866127221329e-18	3	RP11-231E4.2
RNF141	1.57008863370843e-21	0.410472981813368	0.508	0.276	2.46331205742516e-17	3	RNF141
NCF1	3.65459066815429e-21	0.465507191103065	0.734	0.488	5.73368729926726e-17	3	NCF1
LCP1	7.00889750291481e-21	0.423831006918281	0.689	0.455	1.0996259292323e-16	3	LCP1
CD691	1.50191413038689e-20	0.489280913919328	0.895	0.739	2.35635307916399e-16	3	CD69
HSP90AB1	4.00295017290563e-20	0.453015263007447	0.974	0.881	6.28022852627164e-16	3	HSP90AB1
C12orf751	4.66863365631146e-20	0.458770498508197	0.793	0.561	7.32461934338706e-16	3	C12orf75
HLA-DRB51	4.83887436997027e-20	0.365759609297827	0.738	0.453	7.59170999904635e-16	3	HLA-DRB5
MT-ND5	2.13970552622838e-19	0.4081936204057	0.984	0.928	3.3569840000997e-15	3	MT-ND5
MIF	2.16734049603938e-19	0.357825933764077	0.856	0.637	3.40034050423618e-15	3	MIF
NPY1	2.77931493936544e-19	0.414603652986404	0.761	0.5	4.36046720837044e-15	3	NPY
LST1	4.43250091358035e-19	0.363366794884505	0.78	0.519	6.95415068331622e-15	3	LST1
CDK14	3.02260712084031e-18	0.3152221217553	0.407	0.2	4.74216831188637e-14	3	CDK14
FOXN31	6.1372514407754e-18	0.40556681948584	0.59	0.37	9.62873378543252e-14	3	FOXN3
FAM69C1	8.35630502283369e-18	0.317734154410302	0.449	0.237	1.31102069503238e-13	3	FAM69C
CYBB	1.6268642269134e-17	0.355335037999395	0.446	0.239	2.55238728560443e-13	3	CYBB
FTL1	4.64202111199442e-17	0.298143104988595	1	0.99	7.28286692260805e-13	3	FTL
IL17RA1	1.01179813620177e-16	0.301825263130415	0.439	0.229	1.58741009588695e-12	3	IL17RA
SOX41	1.18108722804861e-16	0.407700776336007	0.97	0.939	1.85300775208546e-12	3	SOX4
CKLF	1.1985568485193e-16	0.389248822381638	0.675	0.466	1.88041583964193e-12	3	CKLF
FAM101B1	1.81103295431833e-16	0.378283429922987	0.58	0.365	2.84132960203003e-12	3	FAM101B
RNASET21	3.97165427007243e-16	0.385685841254149	0.869	0.676	6.23112838431663e-12	3	RNASET2
LINC-PINT	5.12862768563742e-16	0.292345553112767	0.364	0.178	8.04630397599656e-12	3	LINC-PINT
APAF1	6.89273322227361e-16	0.267079631095225	0.331	0.157	1.08140091524251e-11	3	APAF1
CD44	1.53257954313432e-15	0.390744159072735	0.525	0.319	2.40446404522343e-11	3	CD44
PLEK	1.72892011304966e-15	0.324934519259488	0.357	0.176	2.71250276536361e-11	3	PLEK
IL3RA	1.92327346740587e-15	0.362854873125923	0.711	0.503	3.01742374301307e-11	3	IL3RA
SSR11	3.34534896951482e-15	0.295832037106078	0.58	0.36	5.2485179982718e-11	3	SSR1
FOSB1	6.05375978661091e-15	0.342489317669424	0.856	0.628	9.49774372921386e-11	3	FOSB
MRPL33	8.08550595117038e-15	0.350906068941045	0.705	0.52	1.26853502867912e-10	3	MRPL33
SNX31	9.36215908723058e-15	0.335378951714074	0.892	0.787	1.46882913919561e-10	3	SNX3
PSAP	1.59762194615416e-14	0.397640402020429	0.656	0.491	2.50650907132127e-10	3	PSAP
APRT	2.98449100365766e-14	0.300283206622957	0.757	0.552	4.6823679356385e-10	3	APRT
UBAC2	6.06436565505258e-14	0.254765444674918	0.377	0.2	9.51438327621199e-10	3	UBAC2
SLC25A37	9.42312410759955e-14	0.285502915187886	0.58	0.378	1.47839394124129e-09	3	SLC25A37
DDIT41	2.08967866473367e-13	0.297968867984395	0.803	0.568	3.27849685710065e-09	3	DDIT4
CMTM31	2.72523065886139e-13	0.295417245794924	0.531	0.336	4.27561438068763e-09	3	CMTM3
TSPO1	3.00745640956596e-13	0.332718273284335	0.83	0.667	4.71839836096804e-09	3	TSPO
NKG71	6.10437621217966e-13	0.292898166611522	0.623	0.423	9.57715583928867e-09	3	NKG7
GSTP1	1.20684968784325e-12	0.279725208016075	0.964	0.816	1.89342647525728e-08	3	GSTP1
SLC2A31	1.230907579824e-12	0.316987314796705	0.452	0.273	1.93117090198587e-08	3	SLC2A3
KLF61	1.41190719596173e-12	0.301428990302901	0.941	0.864	2.21514119974436e-08	3	KLF6
EIF1AX1	2.33420322036828e-12	0.274669293350276	0.839	0.662	3.6621314324358e-08	3	EIF1AX
HCST	3.82508139508989e-12	0.316118496985642	0.603	0.418	6.00117020075653e-08	3	HCST
LSP11	4.17654511272771e-12	0.297833930572051	0.852	0.694	6.5525816273585e-08	3	LSP1
STK17B1	4.88828989697856e-12	0.260699064415619	0.59	0.393	7.66923801936966e-08	3	STK17B
DNAJB61	6.94417047799353e-12	0.286954325528334	0.675	0.493	1.0894709062924e-07	3	DNAJB6
DDIT4L1	8.2253823343665e-12	0.289592617316669	0.334	0.182	1.29048023443876e-07	3	DDIT4L
EVI2A	9.44954860477842e-12	0.26019810622489	0.364	0.202	1.48253968060369e-07	3	EVI2A
NEAT11	1.04800852280545e-11	0.265465580179662	0.951	0.865	1.64422057142947e-07	3	NEAT1
SUMO31	1.48425214086197e-11	0.268963286816773	0.715	0.53	2.32864318379834e-07	3	SUMO3
NR4A11	1.74655355295199e-11	0.285914185852307	0.466	0.285	2.74016786922637e-07	3	NR4A1
MAML3	2.47780888579074e-11	0.268911025261489	0.426	0.259	3.88743436091709e-07	3	MAML3
PDIA6	3.24997738829795e-11	0.278500093467278	0.813	0.639	5.09888952450065e-07	3	PDIA6
FCGRT	4.22274069554238e-11	0.262140170271782	0.603	0.422	6.62505787723645e-07	3	FCGRT
PTTG1IP1	5.32507816682748e-11	0.251991306222037	0.443	0.274	8.35451513593564e-07	3	PTTG1IP
OGFRL1	1.46749850611154e-10	0.263613275482124	0.485	0.322	2.3023584062384e-06	3	OGFRL1
BCL11A1	1.91197970768169e-10	0.269313753244073	0.685	0.482	2.99970496338181e-06	3	BCL11A
STIM21	2.50886160263525e-10	0.338429054674705	0.777	0.618	3.93615296837444e-06	3	STIM2
IDS1	4.24983671391419e-10	0.251646476616604	0.508	0.34	6.66756882045997e-06	3	IDS
CSTB1	4.86757911994139e-10	0.2834373998571	0.793	0.652	7.63674488127604e-06	3	CSTB
MDM41	2.19940508948054e-09	0.312901022495689	0.79	0.621	3.45064664488603e-05	3	MDM4
MORF4L21	7.18241799717118e-09	0.256457487880001	0.548	0.402	0.000112684955957619	3	MORF4L2
SH3KBP11	2.99270182044656e-08	0.264542865155135	0.767	0.626	0.00046952498860986	3	SH3KBP1
KIAA0125	1.32691823943139e-82	0.531564658553742	0.289	0.03	2.08180202584391e-78	4	KIAA0125
HNRNPA1	5.43298589046718e-76	0.809533761605909	1	0.991	8.52381156355397e-72	4	HNRNPA1
S100A8	6.38405850957784e-65	0.679976186562626	0.396	0.078	1.00159493956767e-60	4	S100A8
HMGN21	6.60267097183897e-50	1.28115474664524	0.959	0.861	1.03589304877182e-45	4	HMGN2
IGHA1	2.23904788253236e-47	0.424108841343351	0.293	0.057	3.51284222290501e-43	4	IGHA1
LYZ	5.41147343339652e-43	0.429187640620405	0.311	0.07	8.4900606696558e-39	4	LYZ
RPLP11	2.55119738208352e-41	0.529852920114794	1	1	4.00257357275084e-37	4	RPLP1
S100A91	6.83860333628486e-41	0.583626053158342	0.396	0.115	1.07290847742973e-36	4	S100A9
HMGB1	2.03588409131536e-39	0.85072339690022	1	0.994	3.19409855086467e-35	4	HMGB1
PPIA	3.11168182375838e-39	0.633067507297964	0.996	0.958	4.88191761329452e-35	4	PPIA
IGLL1	4.67685001750206e-38	0.992575188496671	0.881	0.616	7.33750999245899e-34	4	IGLL1
MT1X	1.0252135757983e-34	0.631440643765353	0.256	0.06	1.60845757906995e-30	4	MT1X
HNRNPA1L21	2.3032084402882e-32	0.589494086655146	0.593	0.275	3.61350372196815e-28	4	HNRNPA1L2
SELL	1.30009510069238e-31	0.535200218255086	0.307	0.09	2.03971920347628e-27	4	SELL
RPS212	3.90676002033741e-31	0.507700740685261	0.996	0.987	6.12931579590736e-27	4	RPS21
AHSP	1.28059312668072e-30	0.416001687537622	0.285	0.079	2.00912255644938e-26	4	AHSP
GAPDH	2.04601555133118e-30	0.540637021601702	1	0.992	3.2099937984835e-26	4	GAPDH
HBD	3.71175475542167e-30	0.546907847470601	0.396	0.148	5.82337203578106e-26	4	HBD
RPS27A2	3.74630531056852e-30	0.36578640279202	1	1	5.87757840175095e-26	4	RPS27A
GYPC	4.31417860965541e-30	0.523225886333313	0.519	0.229	6.76851482068837e-26	4	GYPC
HBA2	5.88036361414307e-30	1.14567752924081	0.663	0.437	9.22570247422906e-26	4	HBA2
RPS15A	1.56018056657957e-29	0.397215174347088	1	1	2.44776729090669e-25	4	RPS15A
RPLP01	5.15990652327656e-29	0.486998527732999	1	0.997	8.0953773443686e-25	4	RPLP0
RPS81	6.98075268943738e-29	0.314032051307826	1	0.999	1.09521028944583e-24	4	RPS8
RPL412	1.33477232255746e-28	0.453711909566024	1	1	2.0941242968604e-24	4	RPL41
AKAP12	1.57296087376102e-28	0.650185207815225	0.43	0.173	2.46781831484367e-24	4	AKAP12
RPL15	3.48192796783907e-28	0.330902719637375	1	0.999	5.46279678874272e-24	4	RPL15
CD991	4.11196958157446e-28	0.625536534721974	0.878	0.679	6.45126907653218e-24	4	CD99
HBA1	1.29285677327818e-27	0.960807551970351	0.567	0.328	2.02836299159613e-23	4	HBA1
RPS61	2.52183506323415e-27	0.393146575757488	1	1	3.95650703070805e-23	4	RPS6
NACA3	8.6798239932408e-27	0.442998884089693	1	0.984	1.36177758629955e-22	4	NACA
NPM1	9.90158633220811e-27	0.554423600447707	0.985	0.958	1.55345987966013e-22	4	NPM1
PSMA21	2.76845713878485e-26	0.623076520811229	0.711	0.475	4.34343240503956e-22	4	PSMA2
RPL321	3.87518171769385e-24	0.305308837149012	1	1	6.07977259688988e-20	4	RPL32
ATP5G2	4.68444507375842e-24	0.381878176579826	0.985	0.947	7.34942587621958e-20	4	ATP5G2
RPL351	5.85848429259002e-24	0.312968474194679	1	0.999	9.19137600664449e-20	4	RPL35
HMGB2	6.48088031533829e-24	0.881157210667891	0.974	0.874	1.01678531267343e-19	4	HMGB2
BTF3	7.40620101500084e-24	0.382695631812463	1	0.985	1.16195887724348e-19	4	BTF3
STMN1	8.44863547648159e-24	0.745554152435969	0.978	0.923	1.3255064199052e-19	4	STMN1
RPS171	6.05008206337964e-23	0.358862343578259	1	1	9.49197374923632e-19	4	RPS17
LSM5	1.20993220197935e-22	0.518096757920384	0.715	0.48	1.89826263168541e-18	4	LSM5
MZT2B1	2.2409516796502e-22	0.554512555789254	0.819	0.643	3.5158290902032e-18	4	MZT2B
FHIT	2.87336909397172e-22	0.508490162513627	0.53	0.281	4.50802877153223e-18	4	FHIT
RPL21	2.95269398455022e-22	0.331037350882252	1	1	4.63248159236084e-18	4	RPL21
RPS262	3.70512401707865e-22	0.592926921260797	0.993	0.93	5.8129690703947e-18	4	RPS26
DNTT1	8.51227287100854e-22	0.540483336493698	0.993	0.938	1.33549049073253e-17	4	DNTT
HBB1	2.57354445794341e-21	0.964929922055428	0.748	0.67	4.03763390006742e-17	4	HBB
COX6C2	4.36115228738404e-21	0.445190421261657	0.959	0.891	6.84221182367681e-17	4	COX6C
RPS131	4.45159324110248e-21	0.390970143388168	1	0.999	6.98410463596569e-17	4	RPS13
RPL18A1	4.59882102169442e-21	0.270949003203829	1	1	7.21509030093637e-17	4	RPL18A
ANP32B	1.66548515169995e-20	0.452885595767335	0.8	0.585	2.61297965450205e-16	4	ANP32B
KIAA0101	3.4002200022905e-20	0.50366032908582	0.559	0.289	5.33460516159357e-16	4	KIAA0101
RPS51	4.99373137142269e-20	0.315106050339888	1	0.999	7.83466514862506e-16	4	RPS5
BIRC5	5.21805000283733e-20	0.543107501914369	0.311	0.124	8.18659864945149e-16	4	BIRC5
ATP5L	6.1928556114384e-20	0.36584259320135	0.981	0.951	9.71597116878571e-16	4	ATP5L
SNHG251	1.56029046842754e-19	0.480004033552078	0.637	0.397	2.44793971591597e-15	4	SNHG25
RPS71	9.96148042768864e-19	0.270435882399177	1	0.999	1.56285666430007e-14	4	RPS7
RPS28	1.36979953309993e-18	0.276671866778294	1	0.999	2.14907848748048e-14	4	RPS28
RPL71	1.48670336319056e-18	0.309178503888816	1	0.999	2.33248890650968e-14	4	RPL7
RPL36A1	3.88401020748302e-18	0.424363871185778	0.985	0.977	6.09362361452011e-14	4	RPL36A
REXO2	4.67038181591944e-18	0.347987607018615	0.4	0.187	7.32736203099601e-14	4	REXO2
RPS121	5.14305436824745e-18	0.279446522107555	1	1	8.06893799834343e-14	4	RPS12
SNRPF	6.16003495188579e-18	0.442073271706905	0.722	0.509	9.66447883601362e-14	4	SNRPF
SLC25A3	7.4359429420944e-18	0.447203162875625	0.837	0.656	1.16662508818519e-13	4	SLC25A3
UQCRH	8.38093074427887e-18	0.439050255273381	0.852	0.727	1.31488422446991e-13	4	UQCRH
PTMA	8.7840431747153e-18	0.319839311336332	1	1	1.37812853368108e-13	4	PTMA
PSMA4	4.45888346239126e-17	0.458090750764996	0.837	0.709	6.99554226414565e-13	4	PSMA4
TOP2B	1.02210898891264e-16	0.511312258908605	0.711	0.551	1.60358679270504e-12	4	TOP2B
ATP5G3	1.08374538219792e-16	0.409740103481113	0.83	0.681	1.70028813013031e-12	4	ATP5G3
C12orf571	1.42822735867174e-16	0.450244684985721	0.548	0.331	2.24074590302009e-12	4	C12orf57
AC090498.1	2.06697052301867e-16	0.6041572683102	0.778	0.676	3.24287005356398e-12	4	AC090498.1
OSTC	2.45764090886056e-16	0.395852571588054	0.719	0.541	3.85579282191134e-12	4	OSTC
YBX11	4.06348316249649e-16	0.331554667107975	0.985	0.974	6.37519873364075e-12	4	YBX1
RPS251	5.55774750263318e-16	0.255646608852484	1	0.999	8.7195500568812e-12	4	RPS25
H3F3A1	6.4918653053619e-16	0.268225945650677	1	0.999	1.01850874775823e-11	4	H3F3A
H2AFY	7.19610346719992e-16	0.525250840068688	0.874	0.768	1.128996672969e-11	4	H2AFY
LDHB	8.7594561222533e-16	0.445013543514365	0.859	0.709	1.37427107102032e-11	4	LDHB
RPL35A	1.54079493432967e-15	0.265622174628519	1	0.999	2.41735317246982e-11	4	RPL35A
GLRX	1.72396455313932e-15	0.504737179169618	0.693	0.527	2.70472798742028e-11	4	GLRX
SNRPE1	2.07628399805491e-15	0.399168969500705	0.807	0.619	3.25748196454835e-11	4	SNRPE
IFITM31	2.61436382220557e-15	0.334513590542965	0.496	0.275	4.10167540065831e-11	4	IFITM3
C5orf56	2.87352928849361e-15	0.362475190696839	0.419	0.224	4.50828010071763e-11	4	C5orf56
CALM3	4.1806308782706e-15	0.381180810029714	0.596	0.387	6.55899178491874e-11	4	CALM3
HPS4	4.82086578491862e-15	0.40961267903784	0.541	0.337	7.56345632995883e-11	4	HPS4
RPL262	6.74011923352039e-15	0.272102208477204	1	0.999	1.05745730654701e-10	4	RPL26
C4orf32	1.21756117768183e-14	0.273613565228305	0.256	0.106	1.91023173166503e-10	4	C4orf32
SNHG19	1.40352085424449e-14	0.297124101025556	0.344	0.165	2.20198386822418e-10	4	SNHG19
MAD2L1	2.03179805733836e-14	0.300114172113181	0.448	0.238	3.18768797215815e-10	4	MAD2L1
RPL221	6.11844295905271e-14	0.295854077679418	1	0.995	9.5992251584578e-10	4	RPL22
TXN1	6.39246835475586e-14	0.374756653768828	0.715	0.541	1.00291436017765e-09	4	TXN
H2AFV	1.21040194042089e-13	0.39996136355033	0.763	0.624	1.89899960432633e-09	4	H2AFV
HDGF	1.32981121887967e-13	0.294984367773164	0.452	0.255	2.08634082130031e-09	4	HDGF
RPL371	1.60232564254559e-13	0.258093489561259	1	1	2.51388870058978e-09	4	RPL37
SRP14	1.76413768137883e-13	0.266876454795889	1	0.98	2.76775560831524e-09	4	SRP14
ACP1	2.25044518394434e-13	0.327672697173722	0.6	0.394	3.53072344909027e-09	4	ACP1
IGFBP7	2.73584539160892e-13	0.312573831327564	0.289	0.133	4.29226783489523e-09	4	IGFBP7
CH17-373J23.1	3.19474069069598e-13	0.293757901173685	0.278	0.123	5.01222866963293e-09	4	CH17-373J23.1
CCNG1	7.88908254961493e-13	0.27365049378222	0.47	0.273	1.23771816120909e-08	4	CCNG1
HNRNPM	8.14557871063334e-13	0.411336474276867	0.804	0.705	1.27795984391126e-08	4	HNRNPM
RP11-620J15.3	8.8143184824743e-13	0.344716197841852	0.419	0.238	1.38287842671539e-08	4	RP11-620J15.3
SEC61G	1.03745594473789e-12	0.367558958529761	0.819	0.675	1.62766463169927e-08	4	SEC61G
HNRNPA2B1	1.55118460386392e-12	0.38496840388204	0.97	0.943	2.4336535250021e-08	4	HNRNPA2B1
COX4I1	1.63665469145637e-12	0.2811187842761	0.978	0.957	2.5677475454259e-08	4	COX4I1
RPL17	1.7044103342791e-12	0.340758563128809	0.915	0.822	2.67404937345048e-08	4	RPL17
SRP9	2.40885363272093e-12	0.427642480038364	0.756	0.636	3.77925046437587e-08	4	SRP9
RPL36	3.78007383948538e-12	0.252983524716733	1	0.999	5.93055784676862e-08	4	RPL36
EIF3E1	3.95182146216081e-12	0.307783399953137	0.981	0.933	6.2000126919841e-08	4	EIF3E
PTTG1	4.00586406371428e-12	0.427108180090137	0.363	0.197	6.28480012956134e-08	4	PTTG1
ATP5J2	5.06347560703665e-12	0.303771116405237	0.867	0.724	7.9440868798798e-08	4	ATP5J2
ATP1B3	5.55297853937638e-12	0.392108480130756	0.619	0.45	8.7120680304276e-08	4	ATP1B3
TRAM1	8.21769895522169e-12	0.368406681274612	0.585	0.407	1.28927478908473e-07	4	TRAM1
PFDN4	9.98744652955806e-12	0.292727862998626	0.485	0.302	1.56693048602236e-07	4	PFDN4
NBEAL11	1.15445802910563e-11	0.3426141956199	0.774	0.635	1.81122920186383e-07	4	NBEAL1
RSL24D1	1.25898002104681e-11	0.337864372379286	0.774	0.635	1.97521375502034e-07	4	RSL24D1
MYB1	1.78446388817145e-11	0.434132509485426	0.637	0.474	2.79964539415219e-07	4	MYB
RANBP1	1.9927021714625e-11	0.363405151757105	0.73	0.57	3.12635043680752e-07	4	RANBP1
CHCHD21	2.68512305917895e-11	0.288300216126469	0.959	0.908	4.21268956754586e-07	4	CHCHD2
TKT	2.72129143800894e-11	0.379675505169556	0.733	0.599	4.26943413709222e-07	4	TKT
C14orf2	3.31749325115738e-11	0.313639065632512	0.937	0.856	5.20481516174081e-07	4	C14orf2
NUCKS1	3.32010015153644e-11	0.45998667813344	0.763	0.625	5.20890512774553e-07	4	NUCKS1
MYC	4.27956986359034e-11	0.280422336958329	0.307	0.156	6.71421715898689e-07	4	MYC
EIF3L1	4.76447024497052e-11	0.30804634323396	0.804	0.693	7.47497736733424e-07	4	EIF3L
DARS	8.07518984298133e-11	0.279011107802487	0.448	0.272	1.26691653446534e-06	4	DARS
MRPS211	1.42150818292247e-10	0.266163486917364	0.448	0.27	2.23020418818706e-06	4	MRPS21
YWHAQ	1.55326407201691e-10	0.340084884118664	0.83	0.674	2.43691600258733e-06	4	YWHAQ
SRSF2	1.56584105927123e-10	0.355212802529795	0.822	0.721	2.45664803789064e-06	4	SRSF2
LDHA1	1.60341836008208e-10	0.385837555134682	0.726	0.607	2.51560306513278e-06	4	LDHA
H2AFZ	1.70594275109131e-10	0.386649184763123	0.933	0.882	2.67645358218715e-06	4	H2AFZ
RBM32	2.33656950032818e-10	0.309169890301276	0.859	0.701	3.66584388906488e-06	4	RBM3
TMEM1231	3.07855704796589e-10	0.345224008349964	0.685	0.512	4.82994815255368e-06	4	TMEM123
TMEM263	4.05977757879627e-10	0.273438166590499	0.437	0.27	6.36938504337347e-06	4	TMEM263
PSME21	4.74868290569696e-10	0.415009145406587	0.7	0.579	7.45020861074796e-06	4	PSME2
RBX1	5.12528922445223e-10	0.305915880777743	0.715	0.548	8.0410662642431e-06	4	RBX1
SPCS2	6.20577723957544e-10	0.338859722962382	0.722	0.583	9.73624391116991e-06	4	SPCS2
ZFAS11	6.41485117185521e-10	0.330386202810732	0.822	0.695	1.00642600035236e-05	4	ZFAS1
HNRNPF	6.6140202544615e-10	0.339600593981551	0.674	0.522	1.03767363772246e-05	4	HNRNPF
TUBA1B1	7.22358191975767e-10	0.407645682787072	0.937	0.871	1.13330776739078e-05	4	TUBA1B
ESD	1.04679026797638e-09	0.353106787881852	0.689	0.56	1.64230925142815e-05	4	ESD
SNRPD2	1.05727218099649e-09	0.322773121517216	0.815	0.727	1.6587543247654e-05	4	SNRPD2
CANX	1.06973839948268e-09	0.31834665665871	0.493	0.339	1.67831257494838e-05	4	CANX
RAN	1.23747705191841e-09	0.378521870249588	0.789	0.744	1.94147774675479e-05	4	RAN
LSM3	1.42432881340783e-09	0.289724039424438	0.667	0.505	2.23462947535554e-05	4	LSM3
UQCRHL	1.58658649550612e-09	0.269420600456309	0.3	0.163	2.48919555279956e-05	4	UQCRHL
PSMA6	1.59946829652962e-09	0.293156538355062	0.544	0.381	2.50940581042533e-05	4	PSMA6
NDUFA2	1.66173106310855e-09	0.302377102828986	0.633	0.495	2.607089864911e-05	4	NDUFA2
PAIP2	2.4473931788331e-09	0.351791267501801	0.763	0.677	3.83971515827125e-05	4	PAIP2
MIF1	2.69701800265478e-09	0.364066357896814	0.767	0.645	4.23135154436509e-05	4	MIF
SHFM1	3.11674713274345e-09	0.308004837878091	0.689	0.554	4.8898645765612e-05	4	SHFM1
YWHAE	3.81766840090415e-09	0.302877571702234	0.759	0.656	5.98953995417852e-05	4	YWHAE
VAMP82	4.15390917124429e-09	0.287415912299584	0.7	0.542	6.51706809876517e-05	4	VAMP8
ATP5C1	4.26796322036186e-09	0.288415629676054	0.767	0.653	6.69600749642572e-05	4	ATP5C1
HMGN3	5.04013080655258e-09	0.312296746769468	0.741	0.63	7.90746122240035e-05	4	HMGN3
ATP5I	5.33963077243462e-09	0.259655690381684	0.822	0.693	8.37734671887268e-05	4	ATP5I
COX8A	6.03183311250422e-09	0.307572650499462	0.756	0.647	9.46334297020788e-05	4	COX8A
SNRPD11	6.31060310712047e-09	0.268101612728415	0.756	0.588	9.90070521476131e-05	4	SNRPD1
USMG5	7.04063613140707e-09	0.305931047772494	0.767	0.659	0.000110460540265646	4	USMG5
C14orf166	8.69793562170382e-09	0.284434390949898	0.826	0.69	0.000136461911968911	4	C14orf166
JCHAIN1	1.20749783442257e-08	0.646230916208253	0.311	0.173	0.000189444335242557	4	JCHAIN
TCEB2	1.29663653786609e-08	0.251117200882383	0.848	0.786	0.00020342930642581	4	TCEB2
CNBP	1.29844738341426e-08	0.260376551347369	0.778	0.667	0.000203713409983864	4	CNBP
NGLY1	1.44411278960233e-08	0.253466605820247	0.47	0.314	0.00022656685556071	4	NGLY1
COX6A1	1.56207096143944e-08	0.280423811097495	0.848	0.77	0.000245073313140234	4	COX6A1
NDUFB4	1.64017084150173e-08	0.261251964260926	0.744	0.635	0.000257326403323206	4	NDUFB4
HNRNPK	2.17597282007725e-08	0.260165357259226	0.937	0.878	0.000341388375741919	4	HNRNPK
HNRNPH1	2.30331457451086e-08	0.421930795095564	0.659	0.537	0.000361367023595009	4	HNRNPH1
RNASEH2B	3.07521083151031e-08	0.361189743983454	0.648	0.523	0.000482469827355653	4	RNASEH2B
ERH	3.1598337320459e-08	0.262109244452238	0.87	0.786	0.000495746314220682	4	ERH
ZNF22	4.03020907482395e-08	0.291795822278796	0.637	0.501	0.00063229950174913	4	ZNF22
HNRNPR	4.37763879704799e-08	0.293283714752297	0.704	0.59	0.000686807750868859	4	HNRNPR
UBL5	4.50901418678119e-08	0.274637322211314	0.87	0.811	0.0007074192357641	4	UBL5
UBE2N	5.10772235930504e-08	0.270720348648111	0.504	0.367	0.000801350560951368	4	UBE2N
ATP5B	6.66937045547289e-08	0.274327807419078	0.763	0.683	0.00104635753075914	4	ATP5B
MTF21	7.18560779949271e-08	0.270075220388226	0.637	0.483	0.00112735000766241	4	MTF2
PCNP	7.67545189279121e-08	0.269717780475955	0.574	0.445	0.00120420164746001	4	PCNP
PTGES3	8.08129534797074e-08	0.304068417514766	0.796	0.686	0.00126787442714313	4	PTGES3
ANP32E	8.60566202592212e-08	0.272024088472468	0.378	0.245	0.00135014231524692	4	ANP32E
LGALS1	9.99886988527848e-08	0.919013800131145	0.393	0.274	0.00156872269630134	4	LGALS1
PPA11	1.12346996271979e-07	0.257830140831267	0.393	0.25	0.00176261202451107	4	PPA1
MT-ND51	1.41355537862716e-07	0.363285807072637	0.959	0.93	0.00221772703352815	4	MT-ND5
NREP	1.47591283089339e-07	0.290564656482321	0.415	0.282	0.00231555964038863	4	NREP
SRSF1	1.68135676960404e-07	0.25539593453828	0.467	0.333	0.00263788063583178	4	SRSF1
UQCR10	1.83951564006118e-07	0.2666447245135	0.767	0.698	0.00288601608769198	4	UQCR10
RP11-160E2.61	1.91201515669324e-07	0.263661971518591	0.422	0.279	0.00299976057933603	4	RP11-160E2.6
METAP2	1.9987663855569e-07	0.260968221659909	0.581	0.445	0.00313586458230022	4	METAP2
POLR2L	2.37998475213171e-07	0.272587201298075	0.748	0.63	0.00373395807761944	4	POLR2L
GNG11	3.21867529459974e-07	0.258068730471129	0.333	0.208	0.00504977966969753	4	GNG11
SEP15	3.7934639187943e-07	0.300053797047688	0.7	0.605	0.00595156554219638	4	SEP15
SNRPB1	5.70183095938067e-07	0.267581119574343	0.737	0.639	0.00894560259217233	4	SNRPB
HMGN11	5.99009530912543e-07	0.332444103562883	0.978	0.962	0.00939786053048689	4	HMGN1
LSM4	9.65632628863592e-07	0.273785673357439	0.548	0.425	0.0151498103142409	4	LSM4
HMGB3	1.08498929173424e-06	0.372284594655435	0.463	0.347	0.0170223969980184	4	HMGB3
COX7B	1.108302885323e-06	0.256632968530016	0.848	0.83	0.0173881639678326	4	COX7B
PCNA	2.15037701587726e-06	0.366679663454315	0.437	0.312	0.0337372650020983	4	PCNA
DUT	4.06896701985849e-06	0.313123524813911	0.7	0.605	0.0638380235745598	4	DUT
ARL6IP1	4.9408164190391e-06	0.306774551307688	0.459	0.35	0.0775164687983045	4	ARL6IP1
VIM2	5.0553818861385e-06	0.27922993829174	0.837	0.754	0.0793138864116269	4	VIM
FBXW7	6.0454795603914e-06	0.251384138146142	0.381	0.269	0.0948475288229808	4	FBXW7
AIF1	8.93163045779287e-06	0.283212153992845	0.567	0.453	0.140128350252312	4	AIF1
CCT4	2.79421111200746e-05	0.279817022921731	0.57	0.476	0.43838378136285	4	CCT4
LTB2	4.71214985519601e-05	0.266001214666554	0.648	0.533	0.739289190781702	4	LTB
DCK	8.96704091907851e-05	0.306625317580223	0.493	0.417	1	4	DCK
CMTM82	0.00010136776097301	0.351987248662844	0.463	0.371	1	4	CMTM8
UHRF11	0.000700941611016259	0.404691630061976	0.611	0.585	1	4	UHRF1
TMSB4X	0.00317479001973512	0.351780456261636	1	1	1	4	TMSB4X
ARPP211	0.00420378220100704	0.258486775731943	0.589	0.546	1	4	ARPP21
